,Frontal_Inf_Oper_R,Red_N_R,Thal_LP_L,Caudate_R,Pallidum_R,Vermis_6,Occipital_Sup_L,ACC_sub_L,Frontal_Sup_Medial_L,Cerebellum_Crus1_R,Parietal_Inf_R,Cerebellum_6_L,Heschl_R,VTA_L,Putamen_L,Temporal_Inf_R,Frontal_Mid_2_L,Angular_R,Temporal_Pole_Mid_L,Amygdala_L,Temporal_Pole_Sup_R,OFClat_R,Thal_MDm_L,Cerebellum_3_L,Thal_PuL_L,Calcarine_R,Lingual_L,Cerebellum_9_R,Cerebellum_Crus2_R,Thal_IL_R,Olfactory_R,Frontal_Med_Orb_R,SupraMarginal_L,Occipital_Inf_R,Fusiform_L,OFCmed_L,Cerebellum_6_R,N_Acc_L,Cerebellum_3_R,Calcarine_L,Thal_MGN_L,Precuneus_R,Cingulate_Post_R,OFCmed_R,Thal_VL_L,Supp_Motor_Area_L,Raphe_M,Thal_PuM_L,SupraMarginal_R,Temporal_Pole_Mid_R,Parietal_Sup_R,Frontal_Inf_Tri_L,Thal_LP_R,Parietal_Inf_L,Thal_VPL_L,Precentral_L,Postcentral_L,Thal_PuA_L,Frontal_Inf_Orb_2_R,Parietal_Sup_L,Cerebellum_Crus1_L,Supp_Motor_Area_R,Temporal_Inf_L,ParaHippocampal_R,Temporal_Mid_L,Cerebellum_Crus2_L,Paracentral_Lobule_R,Thal_VPL_R,Cingulate_Mid_L,Thal_Re_L,Amygdala_R,Frontal_Mid_2_R,ACC_sub_R,Thal_LGN_L,Rolandic_Oper_L,Frontal_Sup_2_R,Heschl_L,Cuneus_R,Thal_AV_L,OFClat_L,Thal_IL_L,Occipital_Mid_L,Temporal_Sup_R,N_Acc_R,Thal_PuI_L,OFCant_R,Thal_MDl_L,Frontal_Inf_Orb_2_L,Vermis_10,Cerebellum_8_R,Occipital_Inf_L,Temporal_Sup_L,Thal_LGN_R,SN_pc_L,Thal_PuA_R
Frontal_Inf_Oper_R,1.0,0.015015955408849346,-0.023656372140669332,0.7135843588141326,0.4770672373189169,0.08060781685829291,-0.12365027445964029,0.4426235144681023,0.4189650847424637,-0.17787520108898597,0.38368580864442264,-0.06735000195056047,0.1670174668067468,0.1581698173959814,-0.10883147625632104,0.17849510030915747,-0.09609812588294162,0.24310340553688792,-0.2847117143096092,0.1256342243398691,0.6288633809916468,0.41154711362050006,-0.048884485159124726,0.42368339804084937,-0.07076149969349757,0.19148699196028268,0.10276239605880588,-0.3728157742962968,0.15079940445698975,0.34957586512863686,0.44458969789265046,0.30678208076747926,-0.4501153209921631,-0.1681375037087459,0.1579876675684401,0.6649114440190399,0.1633480427303603,0.028362019826337743,0.3120925777478056,-0.06913849519473918,0.2521129650171874,0.4149021317682423,0.11465971233445652,0.3660904254839136,0.4318463834976953,0.2670906507796585,0.24720994820560566,0.2441620827631393,0.5766332511044914,0.7097083573718768,0.1034169330526675,-0.16009333271803483,-0.11104244256113602,-0.3504835531443411,0.6525656179653222,-0.3762433295325033,-0.3864497001766683,0.2136711339746627,0.41950047113328937,-0.16911800093827148,-0.12460916741998312,0.6230192320948316,-0.07502117590665001,0.5616351227421885,-0.20404445130961646,-0.25060432650998404,0.4353864586620147,0.3189452213587605,0.2307591054101705,-0.11795299556696975,0.5462245603221723,0.4760419356489588,0.2952833221460765,0.06720780675109098,0.1085506217457284,0.6806734619943808,0.18480882718948013,0.026176788075590936,0.24622621182927032,-0.11809169038570203,0.3940255142884122,-0.13128631545196684,0.7230874688000141,-0.01811152326707942,0.12774696417627032,-0.24037343831250071,0.15888132867498642,-0.15604474102136542,-0.25835000033006494,-0.17698941508716784,-0.10491506905268896,-0.03988864136764259,0.44896675290299054,0.0350932982485995,-0.22010878341130846
Red_N_R,0.015015955408849346,1.0,-0.39595675180326373,0.15672210632026312,0.1494878392035583,0.4007709496567501,-0.05373367984609066,0.0836948507528894,-0.05666042184543882,0.3815938752509103,-0.019940752820272616,0.03231239252544032,-0.012743446875210437,-0.07197736651001108,0.34876437960996637,0.014468106375864969,-0.029503730064021974,0.007957937173969512,0.0030631275994669185,0.027043402160292048,0.025047093114433983,0.12519070561595028,0.5313483622234394,-0.11047236902196447,-0.09444399375670234,-0.10263522290349715,0.19328021237226112,0.1074505190930606,0.025940993213258597,0.2394232022705973,-0.09338260202585037,0.1262270731240813,-0.04874089094675525,0.04872414761582651,0.0576488154126675,0.18212082407924712,-0.13085714101732432,0.5056482418110012,0.153382545465279,-0.29584262888079954,0.1434555272739773,-0.08114947147427644,-0.10229398276011467,-0.13015059219251324,0.268140815872181,-0.11320492917601511,-0.08719299435536637,-0.048094164979942455,0.10078607393251189,-0.11240095845112286,-0.16407489211411494,-0.1231291531832881,-0.017566071403568653,-0.05628025640685768,0.23245468895255442,-0.09222751023030887,-0.07078218422172242,0.11196818251323266,0.2412097894303716,-0.16962335859772104,-0.0829221716348333,-0.011320597877805063,-0.09857678160690889,-0.13934770787354425,-0.07012432565202946,0.15010269423772438,-0.16433810203300042,0.3185232782245293,0.0371846972139945,-0.3831176774472429,0.18034215332489326,-0.08457263350089106,0.39473113460807874,0.5861232098824302,-0.15065289140436305,-0.01587845281648048,-0.1528532393067576,-0.03111630620692946,0.5516010336141572,0.08990789580371454,0.429118777987511,-0.04058303187493168,-0.0669359740599369,0.5887691764246296,0.09626703556883487,0.09601586054924893,0.41404419187552965,0.43801347821429526,0.07656002336197108,-0.013200357897288866,-0.00460236827902602,-0.19885243611174333,0.028799046884651115,-0.421754596189624,0.061696022329638375
Thal_LP_L,-0.023656372140669332,-0.39595675180326373,1.0,-0.07900186653276137,-0.3402396067862299,-0.28993905142472964,0.3484768101993295,-0.07580985539414001,0.18321763223949428,-0.027445415547667232,0.4523480769109517,0.06810809488066816,-0.16399322700764318,0.16455129631348012,-0.17696452892091977,0.12586700723882777,-0.2689575927511034,0.4154591270906951,0.040113765557084964,-0.3965112444559157,0.10655916165672238,-0.2234855486956807,0.18110863536811544,-0.37149398163781194,0.578116000329675,0.17198832238554965,0.1582561866662276,0.2116243626203808,0.15114694142998122,0.04609302997916079,-0.26697236956982606,-0.15617441600574045,-0.13631494871447328,0.07477839741817764,-0.27791074280725003,-0.16883953222041653,0.29165758514377776,-0.24451217191975572,-0.13963822805137363,0.44822057394356735,-0.12752697381659187,0.13411284723905223,0.007272827935007509,-0.30428182105441254,-0.31763795118615124,-0.0392022689803416,-0.32187584264249636,0.5657595547975013,0.30407824410622475,0.019397341819897676,0.45442834413516503,-0.25634395101134133,0.3981693847146594,0.07976139643840534,-0.14207806311392682,-0.3170010320127115,-0.14870451823949035,0.5316345145305489,-0.43471254060716147,0.3749033911746395,0.13929320390781424,-0.008505869497368325,-0.2024461634905925,-0.1801225594708554,-0.12222452415137627,-0.07284374596262762,-0.13631387224952404,-0.4782467031091382,-0.2679625910180671,0.0939935187405407,-0.23433293171156697,-0.16838431669740558,-0.23909099806705633,-0.17261708124427866,-0.22773550654799393,-0.048746183948552554,-0.21236708320958542,0.2926878108996204,-0.31222851628953724,-0.27064868393864877,-0.3169740402147676,0.09417530431499586,0.23443604959067846,-0.10557951512002912,0.2281325878128817,-0.32237605923682205,-0.22554347709737357,-0.08475537033940174,0.18821865774941524,0.49326722911924614,0.05690885304905313,-0.09878316450697532,-0.09111650430361186,0.11370434599260343,0.22239134983693673
Caudate_R,0.7135843588141326,0.15672210632026312,-0.07900186653276137,1.0,0.6443079905991888,-0.17583409460831023,-0.5166586667395539,0.6591373746650322,0.6238054577418662,-0.11857972173593888,0.28815587815791927,-0.30657450985512025,0.10796293337412909,-0.002436756802373195,0.07394699608642867,0.038169075569521906,-0.30663003547909834,0.2197497940718877,-0.5044474801155582,0.00041008890663143775,0.5234653243933635,0.7696826240572676,-0.03398657199741237,0.21168448165934697,-0.20276626453288712,-0.20329086796020285,-0.13619718542607842,-0.37440448843380986,0.23202847994532771,0.2768626466448617,0.5166325873408613,0.6276367543075683,-0.8100005078732267,-0.3957012679911485,-0.258182301175635,0.8412275696790619,-0.013391359711245205,0.17810388869324242,0.15441145524836739,-0.4164830384186759,0.0031801500265432135,0.0996988680875913,0.3487954139920875,0.4759964211161494,0.579110821157417,-0.06938434397510665,0.2195793028646343,0.21255293128366212,0.6474635253959758,0.6734835390859556,-0.03350768957101156,-0.5063204327933666,-0.2753211788740784,-0.7312031044156657,0.6915786342886394,-0.6039919413057457,-0.7701235026494455,0.22185286976852828,0.6539154423307392,-0.51843975997735,-0.34368119417350473,0.5533402482190001,-0.46815821867614865,0.6787952575350231,-0.63769620259265,-0.4266099226042569,0.3028413564292584,0.43862843549003405,-0.1024902167801385,-0.20461306215869793,0.49473705544435476,0.1673853219996901,0.5410784750619201,0.0931050506149169,-0.21674044164363263,0.6857612553718254,0.09712112778537896,-0.3684444376341831,0.23076737033410052,-0.05191625271546081,0.2597897500714815,-0.5811898705585901,0.8062513866730693,0.025792108899004008,0.07855616378319312,-0.1213730150542881,0.19133530064702858,-0.2106128265670588,-0.4156944081342388,-0.07318219203774456,-0.4760135095937439,-0.34373118937318203,0.2963047482932884,-0.25037749915261803,-0.5961829685568745
Pallidum_R,0.4770672373189169,0.1494878392035583,-0.3402396067862299,0.6443079905991888,1.0,-0.2108823556943948,-0.5293805898590177,0.5919668205218535,0.45492770114361264,-0.17368575405367964,0.11753277437311005,-0.48468598137976765,0.3884569314530738,-0.13921361269831287,0.3199011531381,-0.35237492449263463,0.19521888851314803,0.01900223176940675,-0.5755990324044354,0.22642849077096017,0.05865321116495233,0.7336546480418175,-0.0892653101842777,0.45677019423522724,-0.35334960500950524,-0.3108839101179358,-0.32012669857601633,-0.6027701640909958,-0.029056433221070134,0.3359599766215463,0.43213281261036507,0.5987386666503207,-0.4676292137433945,-0.5186238961127962,-0.17026723031459415,0.631596327935814,-0.33192670078981357,0.23604743621268015,0.21760429979682633,-0.5081402113175689,-0.03485194870250533,0.1829223388191149,0.37657951329068995,0.6050032131471942,0.5479958705508765,-0.10397807269433652,0.4217355614184583,-0.1599274290181998,0.3141533143030032,0.32400101873138687,0.04002221165128943,-0.2236855858888807,-0.2816264882783121,-0.3867825677386337,0.5662887398784195,-0.12938818352945128,-0.32340467124385847,-0.2542531330531067,0.6656501091272986,-0.29736956815575416,-0.5140792025537104,0.3333770554117545,-0.37968552020273205,0.6595153380484039,-0.4604442540712948,-0.4031056179904687,0.2825507861314765,0.48518702779627615,0.007892024818841095,-0.012189010181009931,0.1855727820122683,0.21979936901713193,0.44195866820045665,0.04230203054140404,-0.17188728358704292,0.4889864388223525,0.1850240679697728,-0.45094784310551467,0.13065414749342455,0.11641190294700267,0.10666196539026505,-0.489387222989901,0.4423197759707835,0.028752729429114623,-0.1269386746363739,0.14849329848568132,0.15082648959459935,-0.3204604122405861,-0.6177969745839714,-0.4241389428485579,-0.4763251552405141,-0.23232109473836837,0.1997853351225668,-0.22310474630881583,-0.6117621388099039
Vermis_6,0.08060781685829291,0.4007709496567501,-0.28993905142472964,-0.17583409460831023,-0.2108823556943948,1.0,0.4150963270694494,-0.11964479747633039,-0.3059637634350716,0.3124449566564521,-0.20548527927042143,0.6727947849608372,0.0607516729844684,0.20066597559963267,-0.058658529484024335,0.483269298145882,-0.028914447220279513,0.00487540952342336,0.4145994399692949,0.2750180000286132,0.3775760032519131,-0.4344932423165353,0.19341178480032195,0.10746348863539186,0.05344699194356182,0.5160102021337843,0.4528584938057137,0.40187024458757853,0.0931942885619718,0.07158037894048226,0.1377293036362842,-0.35103622284521036,0.4588237062795017,0.34732694414266424,0.7268849447952155,-0.003256821059063903,0.36230863619996534,0.32279552412002727,0.3374348416218016,0.20187118003521198,0.3311720162698129,0.17067488067286754,-0.31139238605366754,-0.2674334081545439,0.004583623378850049,0.3376255129058523,-0.17502357387533993,-0.06717425565149382,-0.18797844855092372,0.09022902244194175,-0.2777835425627311,0.24684250030729915,0.06653577678765787,0.28710765408140626,0.059271102293998075,0.08850683811469601,0.27061920071229323,0.08042874783484597,-0.2042647942763235,0.101396262925673,0.5110053609664479,0.05452396617610952,0.6252241451139957,-0.341881140466332,0.621496500732855,0.41458311334439085,0.1176156762852159,0.15727341447663237,0.3625370177757317,-0.3249081608969689,0.3777834151571543,0.14469911728732562,-0.19515275556116402,0.2563834382203254,0.29245457850396317,0.017386905616650485,-0.04769466831448626,0.5420333754636787,0.4405725200539392,0.029975803721001424,0.5457517849661409,0.6212463451413922,-0.2150922526963654,0.4630536812381762,0.0894147146264544,-0.22019268967456523,0.20216595294772166,0.5338558058625009,0.5423551501751019,0.025842955497292843,0.5865820969551184,0.29988023904021677,0.3909099869988461,-0.07875016106100315,0.5942206652913324
Occipital_Sup_L,-0.12365027445964029,-0.05373367984609066,0.3484768101993295,-0.5166586667395539,-0.5293805898590177,0.4150963270694494,1.0,-0.391971533402547,-0.1994235117263117,0.21556934900855806,0.3441131586443537,0.5558444869709329,-0.16286423984931736,0.38624820001149,-0.15846091194405565,0.3739381093308605,-0.040842652746656015,0.44573952433492675,0.39227998080370996,-0.16655208214216435,0.1476302902788468,-0.7333507334400774,0.2842191285366175,-0.311297353279941,0.6627308690072242,0.6450430214277109,0.5979966278554824,0.48606844532462484,0.055978423791027895,-0.01864822451784966,-0.3965753028494422,-0.6579484817680236,0.5327032565759243,0.42355510577251865,0.4243154139926784,-0.4753062421069094,0.343497348768219,0.010646970506821053,0.3083349940945278,0.7536235773383729,0.18510310300749633,0.4580497121984838,-0.21763151652925497,-0.624351468847075,-0.6099608031092831,0.21503229395518733,-0.41769679628082185,0.41009158056993894,0.050410268372116436,-0.136711464528093,0.48457587359381926,0.19506984932946314,0.3568342911549569,0.6689914776834935,-0.259618358009629,0.0716561982210983,0.41953146116549184,0.4650781898448548,-0.7004647366187967,0.7772988307954859,0.47239398356757273,-0.11266336409685634,0.37552285796216983,-0.5708237936930944,0.5514968653652418,0.38889980656710366,-0.18713629237638726,-0.5387949357586564,0.14280124715893228,-0.1735631231077096,-0.10349743137072442,0.09833235950218043,-0.607822910103448,0.09395158655072215,0.0511796554854009,-0.15370587528550747,-0.28332866075411134,0.864540939381145,-0.13138736083687014,-0.14330852571237793,0.1683936763200798,0.8193589337880292,-0.23226696801567245,0.22735749502343622,0.2356578931036784,-0.3466303346387051,-0.3030059969661438,0.38605590338340107,0.6132497534821618,0.36006325526130567,0.6739607103198874,0.16819010184549685,0.08810636357231642,0.1488993192315948,0.7327742355038108
ACC_sub_L,0.4426235144681023,0.0836948507528894,-0.07580985539414001,0.6591373746650322,0.5919668205218535,-0.11964479747633039,-0.391971533402547,1.0,0.4401947244468128,-0.37889268991251296,0.12909912097966758,-0.4827869521409295,0.006667157766251554,-0.1666234515505406,-0.02706784625918269,-0.1626134718626629,0.07556952689753535,-0.009895006156497398,-0.45074867530249946,0.08817867755194447,0.15026864625242345,0.6645297669330484,-0.12031930750157403,0.2565857129905736,-0.3261750268376996,-0.37814902448657317,-0.372892173326019,-0.5025278429532161,-0.06340547147190205,0.16458262780026933,0.478620051697875,0.4871155510084271,-0.47863779223990865,-0.3191283024715687,-0.24419316004386385,0.6370468033347663,-0.26047046972782634,0.3207668372259856,0.22621979321349572,-0.45574492396036176,0.08138575698217967,0.04813568338979862,0.3829822815124067,0.459378700679875,0.3907701793151318,0.06412995787172203,0.24631151235082532,0.008004288062475003,0.32388950947964895,0.325503633426323,0.00849317944304548,-0.1545133924961401,-0.2461372499012479,-0.420410743620178,0.48466215130194906,-0.3015674230699941,-0.4605436952898302,-0.01713210772759323,0.5385527472909105,-0.2282470862999886,-0.5345866888471199,0.27829617497350584,-0.33800719085784975,0.6049821936334894,-0.521467745452521,-0.4573197025358102,0.2016545630028773,0.400177751019385,-0.023306623340586936,-0.1277543504018222,0.24752112286564443,0.07554556233233856,0.4183124110893598,-0.06193518716055447,-0.07445853851566785,0.42549714884164647,0.1467652081470737,-0.43060609200126077,0.10123402075063777,0.17782650797302518,0.26950646834830644,-0.5324440672566094,0.4003042999559006,0.22065376537345377,0.007680522059837514,0.1500759414138404,0.09693081750520853,-0.411893086608597,-0.5526837447288215,-0.21804437633307808,-0.5526971011180827,-0.052532264134737335,0.22542725497977026,-0.3243608985908236,-0.5866382416764703
Frontal_Sup_Medial_L,0.4189650847424637,-0.05666042184543882,0.18321763223949428,0.6238054577418662,0.45492770114361264,-0.3059637634350716,-0.1994235117263117,0.4401947244468128,1.0,-0.07698945067022185,0.43356227011299797,-0.19468148385345208,0.16712362150393828,0.1408570662011567,0.14704354125649205,-0.19789061011649547,-0.02595290146826884,0.3486171424727237,-0.5582370280144262,-0.07252910195915459,0.3624065615444616,0.568650341097106,0.10068458824723366,0.10591359038778529,0.05526309630248319,-0.10882205417130428,0.05539018034085199,-0.11604898425229815,0.13928696160187318,0.3063238125272225,0.2843310135458288,0.5463100780221242,-0.5102342527751235,-0.4184827956528032,-0.18373418604224498,0.615046496485755,0.055006974932267215,0.1316547356704481,0.07481039747791392,-0.06074088273763998,-0.09232324788503599,0.34795506408614324,0.3818928651640085,0.2834447411529562,0.2891494325541556,0.08361745616033732,0.00021897370528320696,0.33028835039961346,0.4955620951773918,0.5000845392153932,0.2879008352781217,-0.40346809515104637,0.14726494091563141,-0.27548411756986374,0.5090268507784809,-0.5047560032593295,-0.5340480250135118,0.2398231222395136,0.32842802281956207,-0.015162598087150519,-0.26942593888584127,0.4382738868460971,-0.3608509994143037,0.43331815486652636,-0.40505027266797433,-0.35557927248932397,0.27042918367023633,0.23691746600518354,-0.07822980444146738,-0.16473959969293878,0.05837025135035656,0.292288171411422,0.33989086980178107,-0.05907563408427925,-0.3539322483266789,0.7392187356201128,-0.10367867836917448,-0.13713014391264883,-0.0025093627688053716,0.22373853485109893,-0.01978371512927816,-0.307399610537206,0.5598939649111269,-0.14910194507449478,0.13507360286989276,-0.10110209170529043,-0.06609617013072634,-0.021532587071504707,-0.19047331494169442,0.17404807502088596,-0.2992431100230296,-0.19511043444540865,0.3583741213797248,-0.07293477884775376,-0.30832842026150453
Cerebellum_Crus1_R,-0.17787520108898597,0.3815938752509103,-0.027445415547667232,-0.11857972173593888,-0.17368575405367964,0.3124449566564521,0.21556934900855806,-0.37889268991251296,-0.07698945067022185,1.0,0.15331883231797885,0.537657260272456,0.18791135716721905,0.3658589868459635,0.50787364205505,0.2955836154835311,-0.3497419014393328,0.4025030629117938,0.21763882103812215,-0.17971797503908793,0.16401901944719838,-0.282476116001006,0.4095564663298507,-0.2816601463358271,0.4527916852009037,0.4371150068033099,0.5133032683141369,0.5122676773797842,0.15334986879846546,-0.10444751949445231,-0.26533976778294277,-0.046058369588064356,-0.03755673318061596,0.2151781608262147,0.09052342258788844,-0.15220753594317976,0.46283426239685743,-0.05012561826620791,0.1240019713916846,0.30313163703540097,-0.28289890389915606,0.1027883090441151,-0.2200809871591392,-0.29855672291945007,0.042877002687806975,-0.35676087923920574,-0.1701641563177047,0.14362098360903472,0.22003714607800073,-0.05490289597362653,0.08506203563923415,-0.39140387624274325,0.16757982995893742,0.053256842220028036,0.03510052320635723,-0.06375604990631002,0.059866179440351365,0.23417408988758553,-0.2237311588845426,-0.04139433128126883,0.5401700870798664,0.031017935286152293,-0.03230124339265778,-0.3802614624624704,0.15263864485274423,0.5319624363490525,-0.06964734227649387,-0.236963764528856,-0.2131546162647755,-0.08756937988592187,0.03592901041834828,-0.09422733270496554,-0.20012081268716203,0.47627001564364885,-0.34526074652312994,-0.041456549842492,-0.37035213580134796,0.43472772017048766,0.14408455989531616,-0.386085183982137,-0.12501023918848028,0.3292689831692746,0.07824781680834021,0.2666627709284199,0.3269687319288866,-0.4255801618273466,0.09961434990436488,0.4476288501737806,0.5864641967179168,0.3103726200559005,0.39180482361936236,-0.4470921199505537,-0.11981705469495618,-0.20140077733369277,0.3802473791742673
Parietal_Inf_R,0.38368580864442264,-0.019940752820272616,0.4523480769109517,0.28815587815791927,0.11753277437311005,-0.20548527927042143,0.3441131586443537,0.12909912097966758,0.43356227011299797,0.15331883231797885,1.0,-0.07227014471675221,-0.06443283754567909,0.3044738373031722,0.03045781582134556,-0.027362313707133316,-0.16060695953172766,0.7312581202995959,-0.32564494421806284,-0.41825938856621414,0.277478965315839,0.04694604715715003,0.30354155639757363,-0.2784794618499251,0.5248188310386022,0.16962156492625333,0.2936141876491994,0.036016159447049216,0.07069254023567892,0.23734534719110292,-0.23693261378862143,0.029791503896051643,-0.3353176553029323,-0.14955273412633097,-0.18294160232602125,0.15671641174274445,0.09247255267954316,0.06347318189201473,0.21232201941498105,0.3718125364465104,-0.0590126201405377,0.5943519428259553,0.17371208632817337,-0.15572588115245112,-0.1548888850731003,-0.13898680038876884,-0.23861942529376284,0.5909035130878437,0.7762362738302131,0.2660646255230041,0.8507878443731692,-0.4335556462800209,0.18464589748006816,0.08604488254373278,0.17859180699116253,-0.4497400256456508,-0.23812778913058139,0.5449655806732896,-0.10658953196991805,0.4536605202838737,-0.1528259629368518,0.20873955904332556,-0.4271174419719284,-0.014062499714689562,-0.2874247360783939,-0.16556631543402842,-0.13763669148230212,-0.38727879588330894,-0.12567410164011047,-0.13841129436184293,-0.07314902525648151,0.19040277352237803,-0.1037615447155491,0.13078854167246884,-0.5099517818295166,0.36722591595158666,-0.3977178101203348,0.29265950162575494,-0.1847744463561425,-0.2685035380633823,-0.028763247468449497,0.06061193986054254,0.49277709250952295,0.10419802598867531,0.29538560590615975,-0.425037805376371,-0.23595259731405813,-0.04895711593445447,0.06285459726985075,0.35334122620659897,0.05044327778843105,-0.3838635595157095,0.03059493747008904,-0.14319805648021722,0.0098505027302912
Cerebellum_6_L,-0.06735000195056047,0.03231239252544032,0.06810809488066816,-0.30657450985512025,-0.48468598137976765,0.6727947849608372,0.5558444869709329,-0.4827869521409295,-0.19468148385345208,0.537657260272456,-0.07227014471675221,1.0,0.03816852051481772,0.428480075200757,-0.10777290632370524,0.6017321778051157,-0.26617754429836393,0.23533277223759924,0.5676145873948348,0.06292396346841474,0.4437563650199959,-0.6494196713967049,0.14599549843276594,-0.11844391437207107,0.4064777499864141,0.7938201262485108,0.7504390599086219,0.7444500802802276,0.2758903807237955,-0.04803529198754684,-0.10684502407461444,-0.516851346682578,0.349143215906391,0.451996798686839,0.6480042959513432,-0.28122315727489056,0.8084157725625737,-0.09044647404703778,0.21428853836070064,0.6106433204960208,0.15417656401288884,0.2055747319544366,-0.3724623510578412,-0.40314618666929486,-0.1958021063129205,0.2619940354281863,-0.2912928540314061,0.21760331136793643,-0.09258521581849133,0.10824028643753378,-0.14441157672000743,0.10991290744963617,0.2609436136556263,0.24157473720134653,-0.02311113773217974,-0.049020981068820864,0.17881119231845322,0.2947320212198527,-0.44674862825611145,0.12917638199593243,0.8922032126466909,0.07364540858861612,0.5949196119385632,-0.4801008880716932,0.6594463689436262,0.5890025765920982,0.23115404660155053,-0.1858996852897031,0.2038827320935753,-0.17988417037654914,0.21871731956265655,0.1515522643924366,-0.42658285744883706,0.20406165995116715,0.18839322602239603,0.0021595544118812406,-0.1644598322157612,0.7153343550216489,0.13137570342882143,-0.11920880452556169,0.17812400581609558,0.7316870121222798,-0.072590929881491,0.07936310090278871,0.2336668762800086,-0.37404592739077014,0.011285163070203516,0.6339534833530523,0.882884454423667,0.45691236829304327,0.7796183947408947,0.17795254348765585,0.22225699590183282,0.30061069054030404,0.7145642783414198
Heschl_R,0.1670174668067468,-0.012743446875210437,-0.16399322700764318,0.10796293337412909,0.3884569314530738,0.0607516729844684,-0.16286423984931736,0.006667157766251554,0.16712362150393828,0.18791135716721905,-0.06443283754567909,0.03816852051481772,1.0,-0.11827916853107158,0.29985462848502575,-0.2636172176100822,0.25315742807424485,-0.004479504165891361,-0.2760520472091868,0.461445684509943,0.04006596035184116,0.2159662522713403,0.1159198295057173,0.37020515504633134,-0.05651485784687828,0.22884824214471464,0.11987456542995115,-0.19195843961941406,-0.029401214463064176,0.38990676666410395,0.1566683727297306,0.2526882079866751,0.014246934125276105,-0.485385253369962,0.33560798785175483,0.24814832536991374,0.09987420544582926,0.03344459828865027,-0.03866666092281806,0.13993561013326633,-0.18117483893230693,0.3129195981945497,0.1197667450442429,0.3632171801629873,0.4279103406247154,-0.13984935879739474,0.14189584706033825,-0.12058867184457218,-0.043814269381615166,0.17715031689595692,-0.09196154581209513,0.08431699072045752,0.20195406223637075,0.03469100470476676,0.15944989946321553,0.13866937095175183,0.11245638329700527,-0.3418922077397823,0.21758646568074375,-0.09081379347662841,0.09091623219093709,0.2184515584812467,0.1181574407209,0.21512463512777932,0.18385079320091818,-0.09593459024210335,0.3992040849108462,0.2686219095801266,0.1642558502411556,0.36421808751400053,-0.016059438114701938,0.2853532576629296,0.09870830116035882,0.04277002614105487,-0.03516334742083322,0.26518029525826486,0.0653539209276807,0.056387081280846234,0.08591792731287096,0.10492258046039911,-0.2316185589951949,0.16217532625513822,0.21598624014942552,-0.14102492343841433,-0.09142517607310192,0.0658431373597749,0.1889316192957708,0.07244573506129524,-0.11505950583073168,-0.3218544125473393,0.19473610494023286,0.056158660974443525,0.3635771730908515,0.010261940172952642,0.10068681820280699
VTA_L,0.1581698173959814,-0.07197736651001108,0.16455129631348012,-0.002436756802373195,-0.13921361269831287,0.20066597559963267,0.38624820001149,-0.1666234515505406,0.1408570662011567,0.3658589868459635,0.3044738373031722,0.428480075200757,-0.11827916853107158,1.0,0.08457387285894799,0.5235070292235133,-0.27468083028593687,0.47528356181831677,0.1677858943079367,-0.26530070606711587,0.3694057472001263,-0.26788501558091143,-0.0043066699645580445,-0.14117356633517295,0.5444486332222374,0.45530310684180286,0.3848097558900816,0.2979505058840852,0.16160354492246257,-0.26207158248984636,0.0385521507657826,-0.20350203475867065,-0.03302872659014493,0.3740081978017634,0.08851876283050882,-0.0186645830690974,0.4062292691323282,-0.11511678131072785,0.46350003644341,0.3251769682721552,-0.027467903067129845,0.16891352201262316,-0.13612664214042142,-0.25782977680091074,-0.26982918358601343,0.031899340541079575,-0.041738920217401436,0.298608243697957,0.3464972266972369,0.20761310866297888,0.27775025854514757,-0.2460294670646712,0.010041314660863188,0.05121396873459038,0.1038246802206716,-0.21205080220767636,-0.06816001529191727,0.3933446449901794,-0.3105373486136352,0.15623299115925182,0.397916244767166,0.22247734399679375,0.025887298159592412,-0.13596551060984666,0.12299856425062027,0.3274582011889091,-0.04537998338117331,-0.32513194491384795,-0.13824858185651712,-0.2618274631399669,0.1401853935939085,0.08928665033782973,-0.3587952213296204,-0.0017116286606170545,-0.12755208236643098,0.19430497856771578,-0.19433056563959067,0.4853896899281401,-0.015433016887034563,-0.3087238329708974,0.10866759105118305,0.277526737464668,0.2153139233945867,0.08298971630228028,0.15427154424167597,-0.5035227897098363,-0.23062995320727703,0.1604796716385882,0.4063876135899171,0.31116918046327047,0.20051658190582197,-0.20683321225055562,0.029291308071921148,0.1182958382835101,0.23629460805594493
Putamen_L,-0.10883147625632104,0.34876437960996637,-0.17696452892091977,0.07394699608642867,0.3199011531381,-0.058658529484024335,-0.15846091194405565,-0.02706784625918269,0.14704354125649205,0.50787364205505,0.03045781582134556,-0.10777290632370524,0.29985462848502575,0.08457387285894799,1.0,-0.08141088678067426,-0.07086972498322601,0.1752109514109395,-0.07266978547414185,-0.07915167930774791,-0.07953308758818921,0.2044308116838901,0.3605068194921531,0.027754508139054584,0.11517494051839562,-0.10781847805379781,0.04155739121918861,-0.07511066534023611,-0.047539727581257664,-0.054011976035987765,-0.0949292518189871,0.37400394290644057,-0.07831596103881526,0.025403665701579946,-0.24627395608125013,0.04129829374175924,-0.074836907641342,-0.025249822097159542,0.09347506279058662,-0.13645707553318814,-0.2689837878222647,0.01713934734815631,0.20307729724043977,-0.0020717776542956393,0.24584066138702454,-0.3696146469492438,0.14355810648743256,-0.08037700405267963,0.1462271238983548,-0.12221366321886945,0.09130101802281025,-0.3837841460324817,-0.009790343974373495,0.029077827431778048,0.04669779178708433,0.23927226058026976,0.12733912392027422,-0.0426009634078191,0.11399237092303527,-0.10119052145940728,-0.01169128711864057,0.08988034097199088,-0.2598750308350516,0.04022563946400944,-0.16215290387907724,0.23125103454441956,-0.027109352041878535,-0.031146812990229273,-0.24808024420573846,0.050484881848665154,-0.0851660898975842,-0.12313331027196711,0.09035626748328093,0.38883676543853823,-0.2431251772521508,0.08110380723300942,0.020307551537199202,-0.013656405350822024,0.1584182166388012,-0.2836798477036508,-0.27989751366702176,-0.13630383398284887,0.054082118085259395,0.18740319697000998,0.23027593291942908,-0.19198009914754743,0.10206035807746182,0.057573855334444,-0.062694481360297,-0.18846339768989184,-0.20382044564133767,-0.38804316961186697,-0.28004721120788106,-0.37375179187111635,-0.0684767057849421
Temporal_Inf_R,0.17849510030915747,0.014468106375864969,0.12586700723882777,0.038169075569521906,-0.35237492449263463,0.483269298145882,0.3739381093308605,-0.1626134718626629,-0.19789061011649547,0.2955836154835311,-0.027362313707133316,0.6017321778051157,-0.2636172176100822,0.5235070292235133,-0.08141088678067426,1.0,-0.5850118496763866,0.38425524561878305,0.44392903240432857,-0.152602946894552,0.53954628097813,-0.39689472953691957,-0.04997305591061027,-0.16950155111069587,0.45278265126283634,0.5893038409846406,0.38705572189373877,0.32752032813447113,0.43360972839366285,-0.2610962028698574,0.17804705709205593,-0.35059303773836037,0.014665071060585467,0.5174245599435459,0.1952847703800931,-0.05910575242228059,0.582029359463713,-0.08385969517357537,0.335365430799558,0.2653149286310648,0.10715030645392712,-0.0658784362685067,-0.21113644852287594,-0.38769040522442094,-0.23938358852331934,0.058907835015133234,-0.10760941482253676,0.372723230387256,0.23816273294375653,0.2678229708599871,-0.1368640230576,-0.18297222933167107,-0.21080363297825638,-0.14055355901998406,-0.004342652567806558,-0.2086219812339076,-0.15431732768695341,0.5120588161464217,-0.37004374091422504,-0.13723599025392072,0.6111964512868984,0.3267857412136817,0.21354785776012483,-0.14820741992928982,0.18558234925131284,0.35595814589057845,0.024144839833389522,-0.2518393734364561,-0.18519389455097407,-0.34547472129761353,0.5225362608887341,-0.15355513130665507,-0.3767521718089155,0.06531185170808418,0.1368418105120467,0.017428859256110138,-0.005570711104377769,0.57586245957739,0.1396807790301332,-0.516514179284462,0.3183293462366902,0.3188517524717382,0.23454210923229799,0.2596770359390421,0.2889719063268891,-0.5884368636123349,-0.14271453665343412,0.21780234200426268,0.4643597838616479,0.21422056226868555,0.2827096329197907,-0.1176537083905705,0.08683477398607344,-0.0029773410045751095,0.31449879707526635
Frontal_Mid_2_L,-0.09609812588294162,-0.029503730064021974,-0.2689575927511034,-0.30663003547909834,0.19521888851314803,-0.028914447220279513,-0.040842652746656015,0.07556952689753535,-0.02595290146826884,-0.3497419014393328,-0.16060695953172766,-0.26617754429836393,0.25315742807424485,-0.27468083028593687,-0.07086972498322601,-0.5850118496763866,1.0,-0.443433064509809,-0.14807225504537597,0.40604551892367097,-0.5290977634934715,0.027647866311676133,0.03677962454605077,0.4111053420023445,-0.4062407904414084,-0.20899096726164826,-0.16649635568369545,-0.34364139418759543,-0.43642670788864,0.18686638624382146,-0.09536071300623203,-0.1104718273357289,0.4797312779693828,-0.183794945998464,0.2588034755820477,-0.18343147626717618,-0.3315455998108493,0.16171510551805315,0.009967610574054517,-0.062273656302970486,0.281203753502404,0.20000590001874663,0.07820822813396884,0.19469144210955877,0.026622764144499444,0.3104567309337245,0.22569998852478404,-0.3645995892605578,-0.49695326757927827,-0.3638803775078841,-0.014984864446247463,0.6625504962704482,0.17415399950153537,0.5135700677488936,-0.11596176372882035,0.5687415584125995,0.5240546866284577,-0.5672623728467412,0.12218835594259989,0.3168008929172713,-0.3219710311839001,-0.20606942050369165,0.29070349390539874,0.107721090163873,0.2778905165411631,-0.17429418831778543,0.13508035445124622,0.22493176287765482,0.494157745266654,0.3136031086155318,-0.3432576968707031,0.28661735102830643,0.12194109657767113,-0.06224522455289201,0.31321023126319736,-0.06752627949327578,0.19991711778828528,-0.20440194721889296,-0.007079813657349939,0.49757773047120263,-0.008970715764690046,0.09070687681226593,-0.4342248093451502,-0.13151992929229117,-0.17815395588657731,0.5659714395950776,0.12935081846249427,-0.14946010138154223,-0.2877677850801347,-0.3803479602383778,-0.05283709854951191,0.5298925142332508,0.015386503140526463,0.22736061292826992,-0.020841403848893023
Angular_R,0.24310340553688792,0.007957937173969512,0.4154591270906951,0.2197497940718877,0.01900223176940675,0.00487540952342336,0.44573952433492675,-0.009895006156497398,0.3486171424727237,0.4025030629117938,0.7312581202995959,0.23533277223759924,-0.004479504165891361,0.47528356181831677,0.1752109514109395,0.38425524561878305,-0.443433064509809,1.0,-0.2687876811959995,-0.4974940464736743,0.35981878097671316,-0.13077077983692603,0.23385175199534486,-0.4219549896218732,0.8005811869409876,0.4633498712752943,0.4749246368927197,0.2670372032815327,0.4352191403463467,0.11341618170636944,-0.15929383483254816,-0.07063201358990182,-0.32326297168920126,-0.11244437938772193,-0.133133076015837,0.04446681213306009,0.3409227657317195,0.15286707128767515,0.343917643250295,0.4281227047429433,-0.19040530503726935,0.48652708741788847,0.2313244383872519,-0.3801437521712243,-0.3268575079925346,-0.35981694269027403,-0.314027402288249,0.7416292296746553,0.7818648318783729,0.1956138903729381,0.6720659305775952,-0.5897667846496805,-0.005493142914118032,-0.06118642659330574,0.10182099558858497,-0.5220358280150273,-0.3682127946356794,0.6694859964809499,-0.3774252491947262,0.27486683299274584,0.1687046549016755,0.3964772620461489,-0.4059095357391675,-0.15077726145015938,-0.26495145747701715,0.020867942317941392,-0.12584699349082565,-0.45087660040784605,-0.4578224992868235,-0.3535862709940813,0.020527536662110296,-0.14983487040870774,-0.41616638593921945,0.12037533504293972,-0.616898387041834,0.2622359131579876,-0.5206447300702969,0.5959173742200734,-0.22805249598035765,-0.5454712370473309,-0.010338505934912378,0.1940093977560887,0.5577610442721608,0.3637479702033149,0.39917237790699733,-0.6771341012838656,-0.4455743993905269,0.014527260320957582,0.2849865128197789,0.42828268473857173,0.18380326678182143,-0.5981409280396889,0.0828575890477148,-0.28184939820089217,0.09408565956345598
Temporal_Pole_Mid_L,-0.2847117143096092,0.0030631275994669185,0.040113765557084964,-0.5044474801155582,-0.5755990324044354,0.4145994399692949,0.39227998080370996,-0.45074867530249946,-0.5582370280144262,0.21763882103812215,-0.32564494421806284,0.5676145873948348,-0.2760520472091868,0.1677858943079367,-0.07266978547414185,0.44392903240432857,-0.14807225504537597,-0.2687876811959995,1.0,0.1683079589656042,0.11927658448079446,-0.5946493440398573,0.04867542043832326,-0.038375334180667735,0.05147850286341882,0.34093737457940404,0.2566435082878546,0.3705134304218911,-0.1205740142949499,-0.32533300301413304,-0.12252947913438506,-0.5179057625345656,0.5321842259669185,0.79051912826799,0.3558047933396041,-0.4550549624814784,0.37944545426300597,-0.3879292445600214,0.014570829622985887,0.31338708129031473,0.1757224149649126,-0.1828138052107616,-0.4150705627274496,-0.2767963459042695,-0.15627591448655098,0.3792216605538089,-0.029443647568839864,-0.12761560946881542,-0.4314294219201985,-0.089128077378143,-0.2640594276176812,0.3460564201710439,0.16159194432792484,0.38039394187906234,-0.26122273776755095,0.421935015651002,0.5368375733566191,0.09028552644143074,-0.2911338403757844,0.13284509602657202,0.6160542248964677,-0.28852826666270354,0.6259745333408113,-0.34650158645695484,0.630239726502036,0.5961564624968846,0.03778722683434811,-0.2011489039609815,0.32772856265748684,0.07577137870051878,0.22161703472547126,0.12401749354127493,-0.20761021309839547,0.15618704293555713,0.6030467391630784,-0.31188285894301926,0.2719394449941168,0.33394315618172016,0.2021595173487013,-0.06348140788324663,0.11895151344313674,0.4888860198845224,-0.44952022611474174,-0.09987720886573732,0.13097665214351173,-0.022292130242640533,0.20015030513963877,0.45680367102320457,0.5199614507781978,0.09697059052439351,0.4454718147141434,0.39773354264190175,-0.21947519286465475,0.3200445440768844,0.5672213099108864
Amygdala_L,0.1256342243398691,0.027043402160292048,-0.3965112444559157,0.00041008890663143775,0.22642849077096017,0.2750180000286132,-0.16655208214216435,0.08817867755194447,-0.07252910195915459,-0.17971797503908793,-0.41825938856621414,0.06292396346841474,0.461445684509943,-0.26530070606711587,-0.07915167930774791,-0.152602946894552,0.40604551892367097,-0.4974940464736743,0.1683079589656042,1.0,0.07379204858729901,0.12887527408949373,0.011468513294296117,0.6144740027848249,-0.5345920626042383,0.07920901876501338,-0.06751278536016893,-0.32032489745764026,-0.2487990609127793,0.28369238056559926,0.4068127231300788,0.1133425414151389,0.31317011253646093,-0.10627692290294384,0.548166346052934,0.2076228039104958,0.03604080393644676,0.006427924344296977,-0.09056532928127854,-0.10395504521635289,0.15368341860189613,0.1103935355515603,0.04012883472477354,0.48642118185148614,0.534118294685622,0.34489537991238095,0.3249716103240723,-0.3721836379526365,-0.49952929586291583,0.22978860097073042,-0.4473100121164765,0.49536069601621335,0.09849108068680039,0.1845485943319155,0.18290980525846076,0.38198496477804955,0.34798940510072573,-0.4189850100004565,0.3700403592192419,-0.09237942663941846,0.05360436654817052,-0.01881413091034,0.5510944741577948,0.3647857182418121,0.4456100158434608,-0.05875591035349029,0.48487919985849837,0.5306715700124498,0.6096981400175693,0.41950321988449535,0.3124691647297087,0.42489124434967973,0.3758612269783901,0.0847703771514483,0.5667624431195166,0.20013894878710878,0.38913479753949937,-0.11329160709022047,0.4147865145273197,0.4691120547812863,0.19379859312208284,0.19869428767434072,-0.13506315386984946,-0.30304844742276726,-0.14731724910930544,0.4352864949747618,0.5124176104061525,0.18338123477645718,-0.18545036138016982,-0.5297527293504012,0.1893179401283746,0.5680935032890719,0.2990421012095956,0.29418974099405826,0.14303784543982384
Temporal_Pole_Sup_R,0.6288633809916468,0.025047093114433983,0.10655916165672238,0.5234653243933635,0.05865321116495233,0.3775760032519131,0.1476302902788468,0.15026864625242345,0.3624065615444616,0.16401901944719838,0.277478965315839,0.4437563650199959,0.04006596035184116,0.3694057472001263,-0.07953308758818921,0.53954628097813,-0.5290977634934715,0.35981878097671316,0.11927658448079446,0.07379204858729901,1.0,0.10911828996448174,0.05036942106001309,0.11506391872425795,0.1732821054884608,0.451240086088949,0.402251934424905,0.18254570802696327,0.309323991746931,0.19248014962798518,0.40969696093905195,0.12176852713869342,-0.26709902626204013,0.1342358395185126,0.33117649441278574,0.5427692764344475,0.5421706734413179,-0.05361219439449485,0.20740676977640893,0.20037032327201806,0.10323416411703865,0.3274888833709539,0.021573247884037566,0.08403029910495093,0.2854475926538848,0.28166354150246786,-0.021521982465516745,0.3557611457805317,0.4602725155403129,0.8250854533209431,-0.02696534166723777,-0.3114730661703289,0.02147627217792511,-0.2504546367300051,0.47586054342078643,-0.4836471997750599,-0.36959350432534405,0.4867587642183414,0.14677389637811084,-0.131761261561237,0.3919751469963638,0.45629604396116236,0.18093048644334073,0.21006266593925002,0.09788430496757466,0.09307498460530352,0.3772162664291555,0.13349396128516347,0.17091491164210043,-0.27231117142165195,0.6719857674715557,0.33780771700373957,0.1270441370254851,0.17908589149898022,0.09567557675360629,0.6197084721527316,0.07689542064727613,0.35094392946997705,0.30886473049722,-0.14446999652036746,0.40661032790967266,0.18238246797817803,0.600620569166329,-0.0401929931908262,0.20564739975686183,-0.5140379073616941,0.11523902536086647,0.32496671292014107,0.28184130715313244,0.21475532131426672,0.24832995117529633,0.019852740393376898,0.4812843142727338,0.07706674319191001,0.18511481436497781
OFClat_R,0.41154711362050006,0.12519070561595028,-0.2234855486956807,0.7696826240572676,0.7336546480418175,-0.4344932423165353,-0.7333507334400774,0.6645297669330484,0.568650341097106,-0.282476116001006,0.04694604715715003,-0.6494196713967049,0.2159662522713403,-0.26788501558091143,0.2044308116838901,-0.39689472953691957,0.027647866311676133,-0.13077077983692603,-0.5946493440398573,0.12887527408949373,0.10911828996448174,1.0,-0.0550722331091631,0.34075208946939367,-0.49766669340857245,-0.567287758344225,-0.4841157627896329,-0.6047002692763653,-0.047310694341722574,0.24002233675821474,0.4485322432016834,0.7970657206405166,-0.6439553796044042,-0.5142899829697495,-0.3960142655358442,0.7534540890884172,-0.3341482953559137,0.12892849284047966,-0.08198985645740131,-0.6342899821380907,-0.11789763384998288,-0.08175470753060884,0.41448930533504114,0.6816789795511569,0.6438070816136628,-0.11445619007417988,0.4022756101543926,-0.14045363031865568,0.3033062924135433,0.38920166648885895,-0.14081822551274206,-0.2982708951675035,-0.20577044771376912,-0.5978905185329222,0.49255414182333795,-0.270141668457751,-0.5420656723920914,-0.16989238356778713,0.8277343036999516,-0.5217955847709514,-0.6001951599765849,0.3072149789279146,-0.4715263372951858,0.7690909860647972,-0.6486656224616213,-0.5196913102568039,0.24990105012142177,0.5272380409507071,-0.07746809677096199,0.02965429726756546,0.20678773792361924,0.12844871526682583,0.7011797695099962,-0.021179146772816636,-0.16185038204871868,0.5180431852537187,0.2476832109125023,-0.6825487110847248,0.16620198270058206,0.2346511162720825,0.022850830728273656,-0.7602919559797533,0.5079950221345125,-0.12912575260684472,-0.14892409661953834,0.2744575194996944,0.25727801379235943,-0.3271407842227682,-0.7238512402936438,-0.325191481376298,-0.7037231853298958,-0.18593059829466388,0.11318175394425291,-0.2721348131671257,-0.7513922055585924
Thal_MDm_L,-0.048884485159124726,0.5313483622234394,0.18110863536811544,-0.03398657199741237,-0.0892653101842777,0.19341178480032195,0.2842191285366175,-0.12031930750157403,0.10068458824723366,0.4095564663298507,0.30354155639757363,0.14599549843276594,0.1159198295057173,-0.0043066699645580445,0.3605068194921531,-0.04997305591061027,0.03677962454605077,0.23385175199534486,0.04867542043832326,0.011468513294296117,0.05036942106001309,-0.0550722331091631,1.0,-0.21130987540380672,0.23345572320516483,0.11647569627854641,0.48055296995677493,0.18830818849977915,-0.061934084463156173,0.4340703094468346,-0.4586968310479498,-0.0043098443136772744,0.08815642104607184,0.10691100708009264,0.06593815996614041,-0.09377261804652415,0.2405461255591077,0.21962342001061153,0.007903210625015117,0.23843390215232552,0.1380878570932981,0.21538440006800222,0.0831466988115302,-0.344012317327241,0.1316490883757447,-0.11310449172747251,-0.22896303284120037,0.39773709385600875,0.1486727551809414,-0.16836340218935283,0.14490494556648412,-0.14721643994082176,0.5124524987170542,0.29309574079913214,0.05069204769669076,-0.0657506099284755,0.09106874164928298,0.4366477537264272,-0.06911005866291298,0.24338369586322972,0.13629947427516115,-0.08611407965197714,0.0011757837609836115,-0.1937355218167777,0.0664647856081645,0.12605051908553405,-0.0632159271000428,-0.07079743253422226,0.1160115081912129,0.05763284549834329,-0.08362808600281242,-0.0558515836007268,0.23710190785760785,0.604709655018544,-0.15362150666971658,-0.00018795598158688806,-0.21940130800698274,0.2629361752228159,0.39362490964323854,-0.04610284471924507,0.0628302859006382,0.20035195527022454,0.05562223579414799,0.2777321190755481,0.40860072025262206,-0.04270215682420405,0.4630359125657462,0.4144150376304361,0.22010628933834886,0.23728144949247748,0.12711830874358773,-0.011893456168742591,-0.04727023389397485,-0.16896785621282312,0.3858960345416901
Cerebellum_3_L,0.42368339804084937,-0.11047236902196447,-0.37149398163781194,0.21168448165934697,0.45677019423522724,0.10746348863539186,-0.311297353279941,0.2565857129905736,0.10591359038778529,-0.2816601463358271,-0.2784794618499251,-0.11844391437207107,0.37020515504633134,-0.14117356633517295,0.027754508139054584,-0.16950155111069587,0.4111053420023445,-0.4219549896218732,-0.038375334180667735,0.6144740027848249,0.11506391872425795,0.34075208946939367,-0.21130987540380672,1.0,-0.5276553317853194,-0.028074572001885515,-0.18556780327532352,-0.5708412665640645,-0.2395622248226196,0.13238674035061557,0.4981373456365017,0.22817883220034815,0.09607688699321584,-0.11184175861000879,0.3814092992146854,0.3574316267938941,-0.05760517052948081,-0.16769677174062317,0.1651817962782991,-0.2598973902560473,0.2549388724602164,0.14966072781562909,0.0837456652661802,0.5824211535360502,0.5382252531309646,0.3920131536437032,0.5212281284621961,-0.41591241112532096,-0.23398677878576768,0.29868890435621803,-0.3124748548595898,0.3437976770310442,-0.025708223468939875,-0.0022021362780659543,0.43221234438578654,0.3508781598949936,0.2125462437946828,-0.4439334978619154,0.4934987893294845,-0.18787943813988064,-0.09037522557601715,0.15444619898487075,0.35166137791176355,0.6011051487752801,0.19781152872592883,-0.12038739435912729,0.5285652760317164,0.5507982899155481,0.5322758099987508,0.3518951426893334,0.35404146510084855,0.5409664120253679,0.3212968898840752,-0.06538398907741272,0.5332327492261227,0.3839771558049399,0.539588717013484,-0.24408112144741467,0.24525764351058088,0.23482655400392105,0.20130855939908446,-0.042466368510099675,0.0877263414318622,-0.3016392653358771,-0.2038987103464647,0.2653063409723262,0.3733696688942139,-0.18032674574748964,-0.40721441017856397,-0.6309467723864829,-0.07382068869453542,0.4322416996385113,0.2861044208349248,0.32998797563960075,-0.15481627578003523
Thal_PuL_L,-0.07076149969349757,-0.09444399375670234,0.578116000329675,-0.20276626453288712,-0.35334960500950524,0.05344699194356182,0.6627308690072242,-0.3261750268376996,0.05526309630248319,0.4527916852009037,0.5248188310386022,0.4064777499864141,-0.05651485784687828,0.5444486332222374,0.11517494051839562,0.45278265126283634,-0.4062407904414084,0.8005811869409876,0.05147850286341882,-0.5345920626042383,0.1732821054884608,-0.49766669340857245,0.23345572320516483,-0.5276553317853194,1.0,0.5857721152712415,0.5617651653049364,0.4605334118860936,0.3641982736650336,-0.08307155120048403,-0.370912280286066,-0.35933873411397804,-0.01586466394737242,0.20453795518804851,-0.0527376142093997,-0.3238311917532845,0.3972092021197991,-0.05767805240923669,0.2516555786256675,0.6569860858559,-0.17575803138014887,0.29074649890408893,-0.07583649599982373,-0.6253674915025956,-0.5759033406812115,-0.2623983867411156,-0.4698519728717861,0.6557077970306449,0.49037681938696703,-0.07746963967004579,0.5883489980274402,-0.35828421332051213,0.1895536947324743,0.18068004532595253,-0.1511785435983741,-0.2929815061349449,-0.05996967010550585,0.6323527119576448,-0.6931111193823247,0.43353063571309514,0.3951697677774482,0.15592699992104886,-0.1931309501255337,-0.4605723054531813,0.027855860877196503,0.28231353298767525,-0.29507284358908753,-0.6751378769411194,-0.4396293472617506,-0.21624354684371674,-0.20950350569100912,-0.23001372278290338,-0.6422784504528566,0.02320500522660027,-0.44220127736306236,-0.10176817644337563,-0.4835914246977684,0.7353471557840737,-0.3212210486786797,-0.5368628460333809,-0.1771121284630504,0.41010031771225325,0.21599479356663323,0.2844932252259005,0.37201334734855895,-0.6542861398270794,-0.4997792594785549,0.13657747966919842,0.5266089618573202,0.5076816285297762,0.37289730980842545,-0.4149401230763034,-0.047272503486458395,-0.06751680025766088,0.4105662757922024
Calcarine_R,0.19148699196028268,-0.10263522290349715,0.17198832238554965,-0.20329086796020285,-0.3108839101179358,0.5160102021337843,0.6450430214277109,-0.37814902448657317,-0.10882205417130428,0.4371150068033099,0.16962156492625333,0.7938201262485108,0.22884824214471464,0.45530310684180286,-0.10781847805379781,0.5893038409846406,-0.20899096726164826,0.4633498712752943,0.34093737457940404,0.07920901876501338,0.451240086088949,-0.567287758344225,0.11647569627854641,-0.028074572001885515,0.5857721152712415,1.0,0.7344883219312474,0.43783292076061936,0.30335068026856393,0.06047225453350434,-0.0586491836146964,-0.48495013775572743,0.24756642706742202,0.30420768018268585,0.6273365595569945,-0.19668171607614837,0.721145773421589,-0.15321285803269705,0.3184051497384689,0.7582432773772138,0.117189531822894,0.42660796827394315,-0.23641524884915413,-0.3468809808747158,-0.22696068805639233,0.18019225657616605,-0.22531731245948522,0.387338102154865,0.15453385189009375,0.20781726415665802,0.13326125275266365,0.06089245395253,0.23112137365389118,0.2632099332092458,0.0458105103928659,-0.08054332562793326,0.16325389237212334,0.38538491551183635,-0.47798271737382914,0.27185387972108377,0.7301893103557877,0.26238473827924647,0.45187828639896827,-0.272119685712967,0.551924838258983,0.42654530733106055,0.24347492074966948,-0.2940672642223402,0.13631329778235976,-0.03838750816233745,0.2474576772686265,0.22027574784151047,-0.4996249610560949,0.09138732885011099,0.09723881033832898,0.10785731506316815,-0.13883251345166212,0.8544924214366896,0.027039543985254596,-0.2877693480811621,0.15363877990249702,0.7455509604141686,0.1724508636965558,0.06476645218050082,0.28156714932010474,-0.4897543732472827,-0.1167338820369857,0.3965881435020606,0.652116025024273,0.2581334722922343,0.7547942764993731,0.06998883389537269,0.28083059231856217,0.264672068178191,0.6431523620761618
Lingual_L,0.10276239605880588,0.19328021237226112,0.1582561866662276,-0.13619718542607842,-0.32012669857601633,0.4528584938057137,0.5979966278554824,-0.372892173326019,0.05539018034085199,0.5133032683141369,0.2936141876491994,0.7504390599086219,0.11987456542995115,0.3848097558900816,0.04155739121918861,0.38705572189373877,-0.16649635568369545,0.4749246368927197,0.2566435082878546,-0.06751278536016893,0.402251934424905,-0.4841157627896329,0.48055296995677493,-0.18556780327532352,0.5617651653049364,0.7344883219312474,1.0,0.5584477769747043,0.2770545284208751,0.2615569194608076,-0.3101690825787653,-0.400890007803228,0.1714980328106077,0.24034985859560445,0.5066135478941666,-0.2140209075880146,0.6736262578738669,0.05902463645922437,0.2630258456974048,0.7051950935308304,0.21088561768149564,0.4537354051184589,-0.12355259967740673,-0.47428601966654654,-0.18360723254371908,0.11083993012058,-0.3537746204572701,0.5545540241888657,0.2098853876361955,0.07642493887121017,0.15476631390614468,-0.001526739751295796,0.3871672860719725,0.24999525271818332,0.11054344224759903,-0.1876886185849573,0.05557261480091472,0.4945482729066213,-0.3834827053314746,0.2645628700591043,0.6353772481057691,0.21223770195651134,0.29592522000767035,-0.3791660984765186,0.39575212524099873,0.36236828265078275,0.17103460144218174,-0.1930705111882463,0.16132600877191083,-0.14883828822609949,0.06503371156623888,0.18179514488153317,-0.2836056281456516,0.3964418919909218,-0.04355580453081373,0.13561971827207975,-0.3156270856702424,0.7121858224681805,0.134433737650291,-0.18021794047128495,0.17091936726573767,0.6051701768598748,0.15219155591784633,0.16574808481252679,0.5023608627798228,-0.35932401155349347,0.026202602798839906,0.5851993649058991,0.6836373516769009,0.44517137194713124,0.6513252812503623,0.014671765484885864,0.22650978338480696,0.20181092571722034,0.6199600920661724
Cerebellum_9_R,-0.3728157742962968,0.1074505190930606,0.2116243626203808,-0.37440448843380986,-0.6027701640909958,0.40187024458757853,0.48606844532462484,-0.5025278429532161,-0.11604898425229815,0.5122676773797842,0.036016159447049216,0.7444500802802276,-0.19195843961941406,0.2979505058840852,-0.07511066534023611,0.32752032813447113,-0.34364139418759543,0.2670372032815327,0.3705134304218911,-0.32032489745764026,0.18254570802696327,-0.6047002692763653,0.18830818849977915,-0.5708412665640645,0.4605334118860936,0.43783292076061936,0.5584477769747043,1.0,0.2714211400428165,-0.13479721178313064,-0.3885314695062639,-0.3777673748646887,0.22654404728452468,0.3199085150392213,0.2503946574119977,-0.3800346203768044,0.5117520111567486,0.08141469852531842,-0.027642183423279693,0.4967858597209493,-0.01624341157428604,0.06333816015264533,-0.3546699161823763,-0.5911902391315658,-0.3930726058698881,0.018495673208913533,-0.5933368980099183,0.22679377650976518,-0.059484652094430615,-0.1697848988770289,0.040649601855024864,-0.08136631204600558,0.28852829912344263,0.2072036902380632,-0.22128680917073967,-0.23115869920377285,0.027893614409109,0.32215635165070067,-0.5371583774378943,0.23025407865238412,0.609178702470277,-0.14562194634220527,0.25146496933722745,-0.790579635862657,0.3831725005176156,0.4663309505455594,-0.1351139266168509,-0.3090118132437895,-0.11702990375525292,-0.36688724865568956,-0.17934836192599862,-0.16941096534718092,-0.424306894218962,0.1398705749252995,-0.1863909017889122,-0.23476255282139122,-0.45313949176216367,0.5226454213746267,-0.05252315860600905,-0.025608143568191626,-0.04141427902545241,0.4992525273447136,-0.24486376646450916,0.21214535926544087,0.18874323743724047,-0.3325388970468186,-0.1737358958941625,0.6088913313521068,0.9084145299263063,0.7781667587678635,0.5863399289795065,-0.0663201931532989,0.06307332866686335,0.028058488876324214,0.5957241182454704
Cerebellum_Crus2_R,0.15079940445698975,0.025940993213258597,0.15114694142998122,0.23202847994532771,-0.029056433221070134,0.0931942885619718,0.055978423791027895,-0.06340547147190205,0.13928696160187318,0.15334986879846546,0.07069254023567892,0.2758903807237955,-0.029401214463064176,0.16160354492246257,-0.047539727581257664,0.43360972839366285,-0.43642670788864,0.4352191403463467,-0.1205740142949499,-0.2487990609127793,0.309323991746931,-0.047310694341722574,-0.061934084463156173,-0.2395622248226196,0.3641982736650336,0.30335068026856393,0.2770545284208751,0.2714211400428165,1.0,0.024389099159685672,0.1138664491977989,-0.009487552218528839,-0.288056163164924,-0.07934130795301679,-0.027020525458375688,0.10859937455575702,0.33233608919871654,0.12133455775306431,0.008321809699079903,0.043657112072614,-0.08495551972528674,-0.003399803587897274,0.0010343491506355088,-0.24008090321595144,-0.12185989004410759,-0.18401296809138926,-0.2938547384887089,0.36990300178120383,0.3452568668258579,0.18006272179829105,-0.05098680913407638,-0.3533050562072745,-0.16612572682051238,-0.35324850106702543,0.08839967305281358,-0.4544555071594689,-0.4570369569842602,0.305491325757603,-0.222034988733818,-0.21682939696248552,0.23509295090370394,0.40181552856689257,-0.19192516882865324,-0.08622940154959681,-0.18844538780607914,0.07694813454160081,0.06973631970618718,-0.006791064557323427,-0.3748573685295082,-0.34652040312648513,0.1831889943119437,-0.3081372987338243,-0.1834369300660752,-0.07236589762382328,-0.25578487258889643,0.0481888997270361,-0.3008424806825127,0.28441907233307134,0.02317820696722557,-0.3316833287298843,0.020260965745571666,-0.010152265307184927,0.38025795006159147,0.19447161093708124,0.2455417658222657,-0.3813606186152855,-0.2294071920639953,0.05628280659163251,0.23916556233938324,0.3258641531833779,0.07203393605074346,-0.35700262622495316,0.14649544451041707,-0.09082029331901087,-0.0013955867491646757
Thal_IL_R,0.34957586512863686,0.2394232022705973,0.04609302997916079,0.2768626466448617,0.3359599766215463,0.07158037894048226,-0.01864822451784966,0.16458262780026933,0.3063238125272225,-0.10444751949445231,0.23734534719110292,-0.04803529198754684,0.38990676666410395,-0.26207158248984636,-0.054011976035987765,-0.2610962028698574,0.18686638624382146,0.11341618170636944,-0.32533300301413304,0.28369238056559926,0.19248014962798518,0.24002233675821474,0.4340703094468346,0.13238674035061557,-0.08307155120048403,0.06047225453350434,0.2615569194608076,-0.13479721178313064,0.024389099159685672,1.0,-0.051264875331894715,0.17502515454367476,-0.10700547753085067,-0.4831336434707393,0.22746350385932113,0.3109739418705507,0.09563025838891853,0.3982624358938022,-0.10748699425019127,0.10326128093364022,0.09079464092406962,0.37939605987760516,0.22074357847434048,0.16590160790432443,0.3233929395055006,0.0334938517331575,0.014464411006161982,0.2868145188384166,0.13907473362654313,0.22677763003738194,0.04041771596713305,0.019082032943101363,0.27235297855503937,0.011989390093831901,0.25056211025569536,-0.2641598120380784,-0.1730500193965778,0.11491727606945208,0.23371379926712638,0.06969611223552657,-0.09995200742869363,0.12807960831803658,0.0013216893570387974,0.17974971077646235,-0.020357904334771266,-0.3327772801457423,0.21776332688361505,0.34627067295933467,0.2377493529041048,0.04169264169504799,0.060870685190244626,0.20491727612388488,0.34758883730273565,0.24113221730992948,-0.12067262914036253,0.3054134275226273,-0.08195019402931428,0.01480223703460851,0.2527919625161573,0.238150490112713,0.1593195086127854,0.050686539075866316,0.32921026995112507,0.04728120269158135,0.12420620349833325,0.12936688217740536,0.2892688929382272,0.210842046496267,-0.1604338350432107,-0.007180939720731175,0.07655231598758774,0.13221415779824888,0.43360363271731067,-0.03388647774063022,0.09523448089381781
Olfactory_R,0.44458969789265046,-0.09338260202585037,-0.26697236956982606,0.5166325873408613,0.43213281261036507,0.1377293036362842,-0.3965753028494422,0.478620051697875,0.2843310135458288,-0.26533976778294277,-0.23693261378862143,-0.10684502407461444,0.1566683727297306,0.0385521507657826,-0.0949292518189871,0.17804705709205593,-0.09536071300623203,-0.15929383483254816,-0.12252947913438506,0.4068127231300788,0.40969696093905195,0.4485322432016834,-0.4586968310479498,0.4981373456365017,-0.370912280286066,-0.0586491836146964,-0.3101690825787653,-0.3885314695062639,0.1138664491977989,-0.051264875331894715,1.0,0.39800977946581817,-0.2329348852810266,-0.1731935711372378,0.1256795415731714,0.6942298080977245,-0.05243191977940058,0.023498373253250826,0.1485906323021499,-0.43262687724769106,-0.00318123799874807,-0.03256823192282892,0.09517951869978862,0.6106681022924755,0.4796272687041624,0.25246683038362605,0.3291889684016762,-0.2488923774648124,0.060920912967018355,0.6062346679915,-0.33861266839591314,-0.007871974075734008,-0.33120752108570994,-0.4052259254213034,0.46453092545245045,-0.12284535239899984,-0.2794188508257534,-0.19916917739925813,0.48767505775737185,-0.4278171660685277,-0.16452305932186684,0.43586188940883047,0.06261925716907354,0.6026134408241488,-0.09467752463259305,-0.18889497556492868,0.3752843708189727,0.545317669981899,0.12150023625124892,-0.07330624102055533,0.575872330870186,0.2863479159812304,0.30347079067045296,-0.2868974438500248,0.2666447535506939,0.4979845603690352,0.3572274686885681,-0.2203948612623253,0.2559445241680135,0.18524335296443054,0.3015320494035964,-0.22858806835910817,0.3118781884258404,-0.11753708580637437,-0.19383640233444735,0.061206407626040966,0.1362209187146507,-0.13765556515399416,-0.3416477861959311,-0.3890157844561971,-0.21078485088809631,0.11368051852982251,0.40854748347067593,-0.021330463690458067,-0.31667054375023107
Frontal_Med_Orb_R,0.30678208076747926,0.1262270731240813,-0.15617441600574045,0.6276367543075683,0.5987386666503207,-0.35103622284521036,-0.6579484817680236,0.4871155510084271,0.5463100780221242,-0.046058369588064356,0.029791503896051643,-0.516851346682578,0.2526882079866751,-0.20350203475867065,0.37400394290644057,-0.35059303773836037,-0.1104718273357289,-0.07063201358990182,-0.5179057625345656,0.1133425414151389,0.12176852713869342,0.7970657206405166,-0.0043098443136772744,0.22817883220034815,-0.35933873411397804,-0.48495013775572743,-0.400890007803228,-0.3777673748646887,-0.009487552218528839,0.17502515454367476,0.39800977946581817,1.0,-0.5967989141187575,-0.4922474033342012,-0.39550330292941327,0.6988944489443064,-0.24250255089736877,0.06771998362726943,-0.24564627515638976,-0.5269070375137066,-0.31011465905479035,-0.045869826549840426,0.2630499276959458,0.5664526620849147,0.6720979931281533,-0.22314495698074813,0.2553580549531154,-0.15041432895453388,0.26099970204041884,0.3547290622765797,-0.10897936985676392,-0.43229700728188397,-0.0960785389193461,-0.5137841620617093,0.44748598953684776,-0.2649003305604773,-0.4454194835586152,-0.19146008482286922,0.6250729454934881,-0.4459253148768033,-0.44346322916437736,0.29092656451646304,-0.46841262803270295,0.5365407799612492,-0.5538941796868506,-0.37954695542162015,0.16955456266356045,0.47857976024156273,-0.19336561619799056,0.09687239484566862,0.11982900201374656,0.030928702026786197,0.5897459931213285,-0.015430544567439594,-0.27387225373996493,0.42350014389857127,0.053203015952835074,-0.5345138910254607,0.2151291017360687,0.12835160022526534,-0.19977119369361102,-0.609557238852487,0.4295286914835467,-0.10909118140130301,-0.024191203620687142,0.0876011464683182,0.2619063313777745,-0.23558703227713493,-0.522514445159008,-0.21907544850713376,-0.5435713121465927,-0.3052141570992631,0.1454731407505459,-0.3255597275862764,-0.5375421716338038
SupraMarginal_L,-0.4501153209921631,-0.04874089094675525,-0.13631494871447328,-0.8100005078732267,-0.4676292137433945,0.4588237062795017,0.5327032565759243,-0.47863779223990865,-0.5102342527751235,-0.03755673318061596,-0.3353176553029323,0.349143215906391,0.014246934125276105,-0.03302872659014493,-0.07831596103881526,0.014665071060585467,0.4797312779693828,-0.32326297168920126,0.5321842259669185,0.31317011253646093,-0.26709902626204013,-0.6439553796044042,0.08815642104607184,0.09607688699321584,-0.01586466394737242,0.24756642706742202,0.1714980328106077,0.22654404728452468,-0.288056163164924,-0.10700547753085067,-0.2329348852810266,-0.5967989141187575,1.0,0.39375178940964906,0.5869754394420855,-0.5825243122925365,0.014020036263802028,-0.03821363267683518,0.0064840565679053705,0.3559821984669693,0.25258779736999076,0.09544101155268381,-0.21268629754324003,-0.3127143222981601,-0.3718962088273638,0.3735256954259263,-0.08825183073359516,-0.29765739017665394,-0.7149541806210192,-0.41568419458609335,-0.09870460869404078,0.7029394300215391,0.2664631592253277,0.8545595438883821,-0.5218650694781334,0.7194385707588482,0.8645731805900335,-0.2661292963795343,-0.45028291989320096,0.5361404625015157,0.33323475595600754,-0.3991459432433568,0.7484766150733209,-0.468382752187051,0.8318637257902715,0.3681275508381065,-0.06631829306262613,-0.14503864984121048,0.46821129909954534,0.1391962432502206,-0.18762737429801485,0.11466316319034285,-0.364187533697869,-0.04603092948745105,0.5251653469150659,-0.38512154330640325,0.13323882571502668,0.41038404411029783,0.022952210127560137,0.22137595827078627,0.058860662661258153,0.6865273256347814,-0.7669925689688596,-0.013845754656577901,-0.09476206267560658,0.1747293106136632,-0.022824237425963803,0.32091066083521347,0.33570622108605797,-0.13731194350891404,0.5160323241412642,0.6711757358602043,-0.02842041545198515,0.30165391044031714,0.6503475271335688
Occipital_Inf_R,-0.1681375037087459,0.04872414761582651,0.07477839741817764,-0.3957012679911485,-0.5186238961127962,0.34732694414266424,0.42355510577251865,-0.3191283024715687,-0.4184827956528032,0.2151781608262147,-0.14955273412633097,0.451996798686839,-0.485385253369962,0.3740081978017634,0.025403665701579946,0.5174245599435459,-0.183794945998464,-0.11244437938772193,0.79051912826799,-0.10627692290294384,0.1342358395185126,-0.5142899829697495,0.10691100708009264,-0.11184175861000879,0.20453795518804851,0.30420768018268585,0.24034985859560445,0.3199085150392213,-0.07934130795301679,-0.4831336434707393,-0.1731935711372378,-0.4922474033342012,0.39375178940964906,1.0,0.16791686068613537,-0.4080309085252087,0.3248417994881108,-0.38334888937203293,0.23764771336840218,0.24086658983518164,0.2953719331151392,-0.22604834887073297,-0.4291988716230464,-0.42089312649509203,-0.28608720211661964,0.35757764370040984,-0.047761326928106994,-0.013744745647772802,-0.18678083113423233,-0.12353392757295212,-0.09833390146737218,0.14191050218902004,0.09231195485816837,0.32082958454630606,-0.1605593250759228,0.2990654915066254,0.4071081916358336,0.27257643918273744,-0.3366887635712203,0.16848338928121814,0.4718739789869857,-0.21734147909285553,0.4353160006901808,-0.31022635224055367,0.4252298157622833,0.643098937152829,-0.10666117174978824,-0.36483858882356196,0.16784890237412145,-0.06123888420316066,0.17430796195506723,0.014380656033923125,-0.24554562114129824,0.1769717745392226,0.47675307688591306,-0.26099430984424793,0.19782358863915975,0.34914709437749397,0.1884268992606117,-0.21551261074733483,0.20256215129864788,0.3302220217328553,-0.35186523519867013,0.032241487241876844,0.21190485435734369,-0.20452177870211652,0.09064037413778933,0.2538475321761188,0.478000856293557,0.16690386325754536,0.22290445539656564,0.23015853402605566,-0.3343218662528983,0.25264186195558813,0.4378324604722179
Fusiform_L,0.1579876675684401,0.0576488154126675,-0.27791074280725003,-0.258182301175635,-0.17026723031459415,0.7268849447952155,0.4243154139926784,-0.24419316004386385,-0.18373418604224498,0.09052342258788844,-0.18294160232602125,0.6480042959513432,0.33560798785175483,0.08851876283050882,-0.24627395608125013,0.1952847703800931,0.2588034755820477,-0.133133076015837,0.3558047933396041,0.548166346052934,0.33117649441278574,-0.3960142655358442,0.06593815996614041,0.3814092992146854,-0.0527376142093997,0.6273365595569945,0.5066135478941666,0.2503946574119977,-0.027020525458375688,0.22746350385932113,0.1256795415731714,-0.39550330292941327,0.5869754394420855,0.16791686068613537,1.0,-0.050151738001351545,0.4015001267082753,0.08573662794200872,0.235407944288673,0.4431734952679498,0.3520497294927421,0.4087358005473202,-0.2084521911481309,-0.010918314551916494,0.04678971995984197,0.5283494842424242,-0.04120701129923761,-0.13334155275977697,-0.34685604642955165,0.18007962544047126,-0.2217484820537646,0.565952651993229,0.24658175720053918,0.45516424474343065,0.08104926561185428,0.24741390368644178,0.4407414089171971,-0.10877186457466317,-0.11280112029040658,0.2442556649539374,0.4970295066720026,0.037906395862290984,0.8433065270456087,-0.16207093726935082,0.8271774397149113,0.30117754234637756,0.393025923358914,0.21040099083120958,0.6687018743478516,0.01125753407178213,0.2575304493273279,0.5001669880001954,-0.15563250939083886,0.09457587270454926,0.5054385194026269,0.17211344189210806,0.12671024858753197,0.5109134416229345,0.26425202709741036,0.29327570415239484,0.378868922630508,0.7300371102195929,-0.2076592685479749,-0.02490611077023056,-0.059573373423925116,0.013080940699037855,0.17593169536324896,0.5089668335231669,0.44183712631217553,-0.0857027283946779,0.7394327907140738,0.6135601632539033,0.49114573277210444,0.37448902726467204,0.6192268049779338
OFCmed_L,0.6649114440190399,0.18212082407924712,-0.16883953222041653,0.8412275696790619,0.631596327935814,-0.003256821059063903,-0.4753062421069094,0.6370468033347663,0.615046496485755,-0.15220753594317976,0.15671641174274445,-0.28122315727489056,0.24814832536991374,-0.0186645830690974,0.04129829374175924,-0.05910575242228059,-0.18343147626717618,0.04446681213306009,-0.4550549624814784,0.2076228039104958,0.5427692764344475,0.7534540890884172,-0.09377261804652415,0.3574316267938941,-0.3238311917532845,-0.19668171607614837,-0.2140209075880146,-0.3800346203768044,0.10859937455575702,0.3109739418705507,0.6942298080977245,0.6988944489443064,-0.5825243122925365,-0.4080309085252087,-0.050151738001351545,1.0,-0.07517657799085709,0.20171943009771778,0.07503863694579695,-0.44098940449893503,-0.03328328914798327,0.11358920057779442,0.17604643548812646,0.6274082914706604,0.6909444253295586,0.08737665005565907,0.2461528215545685,-0.025904992804400707,0.4284471262523987,0.7624325214223776,-0.11078878639498575,-0.3466253917887082,-0.14573223671000246,-0.543048941645739,0.6774542722727428,-0.4761004267630669,-0.5678678147815895,0.007686963209810126,0.6842386579741669,-0.4125448741748964,-0.33810624701796793,0.4732079558576783,-0.251519262143479,0.6544377595694126,-0.38988071252316614,-0.36648090451572285,0.30877850313322536,0.5830269995459959,0.05503499679592458,-0.1639956721057234,0.5284599882296708,0.3068575092033161,0.6097317644722751,-0.03251751060015878,-0.0980334956966154,0.7051580433368584,0.14857642154641115,-0.31509114602990534,0.3572646826164134,0.18259285650997886,0.30221695948167354,-0.4163267354668447,0.6083734664507285,-0.022959920108218526,-0.09633797996848932,-0.030776141277516513,0.28054389549024533,-0.07157149152724517,-0.40702231239089837,-0.21408144759486408,-0.34650172175701105,-0.13607695149501225,0.48889472977886766,-0.2385831885161249,-0.41628291163403514
Cerebellum_6_R,0.1633480427303603,-0.13085714101732432,0.29165758514377776,-0.013391359711245205,-0.33192670078981357,0.36230863619996534,0.343497348768219,-0.26047046972782634,0.055006974932267215,0.46283426239685743,0.09247255267954316,0.8084157725625737,0.09987420544582926,0.4062292691323282,-0.074836907641342,0.582029359463713,-0.3315455998108493,0.3409227657317195,0.37944545426300597,0.03604080393644676,0.5421706734413179,-0.3341482953559137,0.2405461255591077,-0.05760517052948081,0.3972092021197991,0.721145773421589,0.6736262578738669,0.5117520111567486,0.33233608919871654,0.09563025838891853,-0.05243191977940058,-0.24250255089736877,0.014020036263802028,0.3248417994881108,0.4015001267082753,-0.07517657799085709,1.0,-0.24262717384605723,0.10016557378649639,0.5836020814899101,0.0668606571210745,0.20776940641516567,-0.20798007875466104,-0.21174114537890035,0.01746911436511278,0.16541161285221118,-0.13276645200896672,0.43948486125435915,0.1405869847600864,0.2986442912786274,-0.12100031263068196,-0.11585855618985008,0.318242512170162,-7.574970905791776e-06,0.10773745425063093,-0.24333319043518403,-0.09626322033683492,0.4263608300189381,-0.27759825202500105,-0.03872791920405314,0.8098606382663719,0.2652040788438882,0.3916717811244717,-0.12320943098651545,0.3604511862093168,0.37575095042324974,0.3984504771234736,-0.1790635808030326,0.08182172555028686,0.025393954786028752,0.27921802364360593,0.11655523015220766,-0.22155591138595776,0.16853416959596204,0.10725213242225468,0.18855173262194005,-0.06385207237406305,0.5788825062853531,0.13178571662374955,-0.24415205502140802,0.0007269873483171426,0.45279717073147735,0.3232482884855373,-0.10475184113499789,0.3938832926017302,-0.41012568558765716,0.14230643997676587,0.38283667062798116,0.6420273214577618,0.46840680383812044,0.4885885985584162,0.09210417182273731,0.16898646478311247,0.32096570875423497,0.4947503402682078
N_Acc_L,0.028362019826337743,0.5056482418110012,-0.24451217191975572,0.17810388869324242,0.23604743621268015,0.32279552412002727,0.010646970506821053,0.3207668372259856,0.1316547356704481,-0.05012561826620791,0.06347318189201473,-0.09044647404703778,0.03344459828865027,-0.11511678131072785,-0.025249822097159542,-0.08385969517357537,0.16171510551805315,0.15286707128767515,-0.3879292445600214,0.006427924344296977,-0.05361219439449485,0.12892849284047966,0.21962342001061153,-0.16769677174062317,-0.05767805240923669,-0.15321285803269705,0.05902463645922437,0.08141469852531842,0.12133455775306431,0.3982624358938022,0.023498373253250826,0.06771998362726943,-0.03821363267683518,-0.38334888937203293,0.08573662794200872,0.20171943009771778,-0.24262717384605723,1.0,0.1968276782180337,-0.21815642456143314,0.07620606124237995,0.1614583080970513,0.187093235421535,-0.10168182882186343,-0.04783093115519764,-0.1524373251988135,-0.20660106974003853,0.11118405781264336,0.07503063117427386,-0.10029892262895225,0.03319226537213182,0.0396074117679843,-0.1785238542746117,-0.023185786344459964,0.06249946908869509,-0.29715518837854143,-0.23965288549006464,0.02546624385668023,0.06541020675949721,0.06631812779684784,-0.3148266849682709,0.03275751292318221,-0.1393857736999411,-0.1390604700905133,-0.15627538979866876,-0.275016555925262,-0.19756503264109884,0.2920085225667136,-0.10616957270969749,-0.4971079933728837,-0.05237736110887312,-0.233882989873152,0.08081186609147173,0.14324677081267845,-0.3223302020250113,0.009785147678865133,-0.3596099412990596,-0.012885376078017654,0.13611908230054906,0.2661530489098299,0.38088276461849774,-0.05460183096168395,-0.022325490276098692,0.637477589511949,0.017087995987762554,0.11562060717621159,-0.0668851689769876,0.1667895103580626,-0.051898444822724724,0.038192733384008574,-0.0615684518135751,-0.10914366810079829,0.3489085859779258,-0.47564028151095616,-0.07956008970630292
Cerebellum_3_R,0.3120925777478056,0.153382545465279,-0.13963822805137363,0.15441145524836739,0.21760429979682633,0.3374348416218016,0.3083349940945278,0.22621979321349572,0.07481039747791392,0.1240019713916846,0.21232201941498105,0.21428853836070064,-0.03866666092281806,0.46350003644341,0.09347506279058662,0.335365430799558,0.009967610574054517,0.343917643250295,0.014570829622985887,-0.09056532928127854,0.20740676977640893,-0.08198985645740131,0.007903210625015117,0.1651817962782991,0.2516555786256675,0.3184051497384689,0.2630258456974048,-0.027642183423279693,0.008321809699079903,-0.10748699425019127,0.1485906323021499,-0.24564627515638976,0.0064840565679053705,0.23764771336840218,0.235407944288673,0.07503863694579695,0.10016557378649639,0.1968276782180337,1.0,0.1001012209973923,0.3038756363697007,0.3425021716929839,0.056653913042626,-0.09931061182082394,-0.16966802920860166,0.12929641300291403,0.1397856249992409,0.14657943813218663,0.31607443917135136,0.11349531373297043,0.26894435052186577,-0.013498284978057034,-0.26145844552298536,0.05508261391378776,0.30005323742402434,-0.02221691934266779,-0.0018405501763135463,0.22922526242936472,-0.0047247145469840116,0.15873228702022982,0.05303100016327508,0.18541341932277927,0.06522819932306707,0.07693956951951202,0.0316081118843524,0.1862808983541156,0.06427772578616198,-0.09983085768865396,0.05691645377355497,-0.3744293071896164,0.2016808453068206,0.1887025415293189,-0.27382335721509765,0.10083693986238133,0.0497575597130675,0.24203043936105556,-0.013900253256778947,0.3108264716061332,-0.006093906375908486,-0.18793090540160268,0.4550158327559575,0.17080855666386074,0.15691093017143706,0.4011012630395929,0.1300391586358297,-0.2374388863270635,-0.18394261341250925,-0.0031641972308436087,0.1301316849552965,-0.060820057772474456,0.09754354951228761,-0.08958005194477447,0.08988582529085493,-0.055142829223665056,-0.026608850150416304
Calcarine_L,-0.06913849519473918,-0.29584262888079954,0.44822057394356735,-0.4164830384186759,-0.5081402113175689,0.20187118003521198,0.7536235773383729,-0.45574492396036176,-0.06074088273763998,0.30313163703540097,0.3718125364465104,0.6106433204960208,0.13993561013326633,0.3251769682721552,-0.13645707553318814,0.2653149286310648,-0.062273656302970486,0.4281227047429433,0.31338708129031473,-0.10395504521635289,0.20037032327201806,-0.6342899821380907,0.23843390215232552,-0.2598973902560473,0.6569860858559,0.7582432773772138,0.7051950935308304,0.4967858597209493,0.043657112072614,0.10326128093364022,-0.43262687724769106,-0.5269070375137066,0.3559821984669693,0.24086658983518164,0.4431734952679498,-0.44098940449893503,0.5836020814899101,-0.21815642456143314,0.1001012209973923,1.0,0.039193138168327785,0.4960316756025305,-0.14728877107580365,-0.4527997456053135,-0.44520050501285074,0.1349635909535981,-0.33900862504427637,0.46746978498074593,0.07721182036583081,-0.004057387791608922,0.4114426677713259,0.14491837583203498,0.4660543662654754,0.5190989129497356,-0.2605618597915761,-0.0025409177249256674,0.3047154841011127,0.38127653805112144,-0.6131152465934997,0.5936159158325875,0.5911295523915653,-0.0028647626372881093,0.37616724477272917,-0.4542613816221115,0.5310877589580943,0.31053524113825737,0.0467582606859507,-0.5515528992425236,0.13539300422905423,0.12149854152345407,-0.1795974869186579,0.20654542060328387,-0.5619434502927753,0.018672887685204524,-0.013921892455420044,-0.018058770202667895,-0.2343571754086772,0.7734018132450354,-0.23433820743717684,-0.16940728349320985,-0.1849993077085492,0.7275823774509581,-0.009914625012231148,-0.09923036228731524,0.3226393068086414,-0.3782918397381909,-0.26030482772581875,0.3426565561994308,0.6361381593128245,0.41939988451005444,0.7063871776894272,0.16901473633443415,0.09179974074686952,0.30331299928173394,0.6988382703449201
Thal_MGN_L,0.2521129650171874,0.1434555272739773,-0.12752697381659187,0.0031801500265432135,-0.03485194870250533,0.3311720162698129,0.18510310300749633,0.08138575698217967,-0.09232324788503599,-0.28289890389915606,-0.0590126201405377,0.15417656401288884,-0.18117483893230693,-0.027467903067129845,-0.2689837878222647,0.10715030645392712,0.281203753502404,-0.19040530503726935,0.1757224149649126,0.15368341860189613,0.10323416411703865,-0.11789763384998288,0.1380878570932981,0.2549388724602164,-0.17575803138014887,0.117189531822894,0.21088561768149564,-0.01624341157428604,-0.08495551972528674,0.09079464092406962,-0.00318123799874807,-0.31011465905479035,0.25258779736999076,0.2953719331151392,0.3520497294927421,-0.03328328914798327,0.0668606571210745,0.07620606124237995,0.3038756363697007,0.039193138168327785,1.0,0.14287776566004423,-0.09485658834236864,-0.13660576685173262,-0.029526013367800356,0.49623269873399156,-0.0040225464874388125,0.04168329850492177,-0.10359280415645962,-0.024924605132585008,-0.15539088971838166,0.37176282692638873,0.10912543305061292,0.15718528551080332,0.19955040924267564,0.09031166140321718,0.12292818887385466,0.052753107583361984,0.02931861560993366,0.10932666954885951,0.01641771557168821,0.09531640235999052,0.3662937828764052,-0.005814294648294427,0.24456231874004142,0.08468192622526466,0.17634612939056987,0.1565043145228221,0.47213658616923565,-0.10314856541358455,0.1626850355105074,0.2631509848266124,0.05435371626331085,0.1576418708387572,0.4456806964239522,0.06828844189737153,0.11487096804328298,0.09147076793124287,0.2525699924186938,0.13668602187592835,0.5248418575147784,0.16154284952651832,-0.10610218566617434,0.09240070554631225,0.2089020870349521,0.12633096680757844,0.23653651493975006,0.06037637346448106,0.08106387409330951,0.01011407098448751,0.10044851502888406,0.43248907913581497,0.18679087430903757,0.23817418390327708,0.12265251184557889
Precuneus_R,0.4149021317682423,-0.08114947147427644,0.13411284723905223,0.0996988680875913,0.1829223388191149,0.17067488067286754,0.4580497121984838,0.04813568338979862,0.34795506408614324,0.1027883090441151,0.5943519428259553,0.2055747319544366,0.3129195981945497,0.16891352201262316,0.01713934734815631,-0.0658784362685067,0.20000590001874663,0.48652708741788847,-0.1828138052107616,0.1103935355515603,0.3274888833709539,-0.08175470753060884,0.21538440006800222,0.14966072781562909,0.29074649890408893,0.42660796827394315,0.4537354051184589,0.06333816015264533,-0.003399803587897274,0.37939605987760516,-0.03256823192282892,-0.045869826549840426,0.09544101155268381,-0.22604834887073297,0.4087358005473202,0.11358920057779442,0.20776940641516567,0.1614583080970513,0.3425021716929839,0.4960316756025305,0.14287776566004423,1.0,0.28785565532756496,-0.016095177857742483,-0.01575327657225032,0.13828188754658405,-0.09767217652846269,0.349973041637502,0.33696719365072064,0.28685622784223996,0.587294488484397,0.04091295454147603,0.24052265717213084,0.38251878327256916,0.21972257283385963,-0.08574517829444382,0.11930390502733774,0.2003763330636906,-0.061701012250321936,0.5650748351026883,0.05287881212678897,0.2218219045826262,0.1438104225347151,0.004396606172274756,0.20747630083057228,-0.06100228810737934,0.28122417901730545,-0.04471618815402266,0.2962226677058834,-0.023855717828568934,0.004705349746196174,0.4535760667965928,-0.178927442015593,0.17129312141846176,-0.10219181772744229,0.42076880968540076,-0.16574974447661348,0.48110279168983905,-0.09193707227738207,0.024409562108535912,0.13753552499080374,0.4559151582644646,0.2836567963451617,0.04995355745045842,0.25237497421708016,-0.21447863412745047,-0.13490784561374083,0.14930110306481226,0.15689818242795486,0.08362375811823555,0.4046059065745194,0.07567486836997053,0.3780708788916913,0.05075709272449183,0.24640832763843257
Cingulate_Post_R,0.11465971233445652,-0.10229398276011467,0.007272827935007509,0.3487954139920875,0.37657951329068995,-0.31139238605366754,-0.21763151652925497,0.3829822815124067,0.3818928651640085,-0.2200809871591392,0.17371208632817337,-0.3724623510578412,0.1197667450442429,-0.13612664214042142,0.20307729724043977,-0.21113644852287594,0.07820822813396884,0.2313244383872519,-0.4150705627274496,0.04012883472477354,0.021573247884037566,0.41448930533504114,0.0831466988115302,0.0837456652661802,-0.07583649599982373,-0.23641524884915413,-0.12355259967740673,-0.3546699161823763,0.0010343491506355088,0.22074357847434048,0.09517951869978862,0.2630499276959458,-0.21268629754324003,-0.4291988716230464,-0.2084521911481309,0.17604643548812646,-0.20798007875466104,0.187093235421535,0.056653913042626,-0.14728877107580365,-0.09485658834236864,0.28785565532756496,1.0,0.15169169874700827,0.08307553689956608,-0.2365221152661991,0.19345987796696104,0.23323699855336527,0.1933215767728118,0.058878466936174524,0.18762239255590024,-0.16821359517982012,-0.19954843886224682,-0.11365941640409657,0.06615745594972906,-0.05761659153158385,-0.23953850002234453,0.0884077069274653,0.23972005709346134,-0.023985679848252613,-0.36760952051539164,0.1705582981199389,-0.29786527392593076,0.3754575719217279,-0.4029194497290889,-0.4312769696702163,0.1369500478964189,0.11738759057013472,-0.09129749498408701,0.02281612992680052,-0.028680056543620613,-0.09902069344182801,0.1399643236685599,0.05636887995256173,-0.20265162030764922,0.2843274380171226,0.04036384506575442,-0.19869878895418386,-0.15029919244933018,-0.031570696847651285,-0.013299598471328259,-0.33433705764032107,0.3309549661246166,0.018711551396463348,0.09526091082569038,0.06878859250792695,-0.11817954534374189,-0.2761140309414728,-0.43455509357878136,-0.1680955476495503,-0.35448146158743704,-0.0838133167045376,-0.05060147895456524,-0.20494934899623782,-0.4406047649881834
OFCmed_R,0.3660904254839136,-0.13015059219251324,-0.30428182105441254,0.4759964211161494,0.6050032131471942,-0.2674334081545439,-0.624351468847075,0.459378700679875,0.2834447411529562,-0.29855672291945007,-0.15572588115245112,-0.40314618666929486,0.3632171801629873,-0.25782977680091074,-0.0020717776542956393,-0.38769040522442094,0.19469144210955877,-0.3801437521712243,-0.2767963459042695,0.48642118185148614,0.08403029910495093,0.6816789795511569,-0.344012317327241,0.5824211535360502,-0.6253674915025956,-0.3468809808747158,-0.47428601966654654,-0.5911902391315658,-0.24008090321595144,0.16590160790432443,0.6106681022924755,0.5664526620849147,-0.3127143222981601,-0.42089312649509203,-0.010918314551916494,0.6274082914706604,-0.21174114537890035,-0.10168182882186343,-0.09931061182082394,-0.4527997456053135,-0.13660576685173262,-0.016095177857742483,0.15169169874700827,1.0,0.6883825147205472,0.12842053097967385,0.5856449392047857,-0.43474384954502493,-0.03885240576148398,0.46098662843497545,-0.2500162282297085,0.060048890196922174,-0.13123729200749784,-0.35151824245968355,0.4194065225796173,0.04664162348188609,-0.14354265167440997,-0.4757336591053502,0.7487326568767366,-0.40981043892745017,-0.3587969090484515,0.18288709248348095,-0.04113936062260113,0.733726226191243,-0.18273470289705074,-0.3702647331094972,0.4258091722541348,0.5468230957625653,0.26651237312744264,0.29404889440265886,0.28277826884594776,0.4182073781893548,0.5487669591776354,-0.17796517328519257,0.18513846880070614,0.4494920616499975,0.4045105964896334,-0.5658123665378264,0.13718609030603499,0.3493494547026664,-0.02051840968367777,-0.4004211401983376,0.2598162415335036,-0.4202837056782939,-0.3089216287374171,0.37824974737850836,0.32243314606598866,-0.24184284937355158,-0.5993630177540258,-0.49908993928292245,-0.31854964080944786,0.12781470275303392,0.18707046671393004,0.06154245789624306,-0.48107678806959425
Thal_VL_L,0.4318463834976953,0.268140815872181,-0.31763795118615124,0.579110821157417,0.5479958705508765,0.004583623378850049,-0.6099608031092831,0.3907701793151318,0.2891494325541556,0.042877002687806975,-0.1548888850731003,-0.1958021063129205,0.4279103406247154,-0.26982918358601343,0.24584066138702454,-0.23938358852331934,0.026622764144499444,-0.3268575079925346,-0.15627591448655098,0.534118294685622,0.2854475926538848,0.6438070816136628,0.1316490883757447,0.5382252531309646,-0.5759033406812115,-0.22696068805639233,-0.18360723254371908,-0.3930726058698881,-0.12185989004410759,0.3233929395055006,0.4796272687041624,0.6720979931281533,-0.3718962088273638,-0.28608720211661964,0.04678971995984197,0.6909444253295586,0.01746911436511278,-0.04783093115519764,-0.16966802920860166,-0.44520050501285074,-0.029526013367800356,-0.01575327657225032,0.08307553689956608,0.6883825147205472,1.0,0.07989945445498846,0.40947831386420114,-0.2805573648208795,0.03904276297151772,0.492185475882869,-0.41627025203216833,-0.1263200181766251,0.06363920664369294,-0.3822869526686635,0.6300616586220802,-0.06365849374552016,-0.19698642456847454,-0.2638063678984546,0.7841930954025511,-0.5258007089076038,-0.147843170124143,0.22329209587740415,-0.022553428966091346,0.6143399345324048,-0.15063618014387944,-0.16030015138925688,0.4699581991668191,0.6979045441904821,0.30821014736692515,0.2916179832916882,0.43088422454480035,0.3678174416201685,0.7706302860325794,0.28504601784373995,0.16778536903713986,0.4619536358979241,0.3648690209525494,-0.45227670419612387,0.5802482478420518,0.24528768586910085,0.12522434866487242,-0.32385047634309344,0.3563082359501476,-0.23229722678726888,-0.06429543682355163,0.2527097646627769,0.7414236800641878,0.05660357914968454,-0.3644079461890717,-0.3526842343806628,-0.2323952060302391,0.061397210173636765,0.23204310326199706,-0.06428587402593545,-0.25133325360316794
Supp_Motor_Area_L,0.2670906507796585,-0.11320492917601511,-0.0392022689803416,-0.06938434397510665,-0.10397807269433652,0.3376255129058523,0.21503229395518733,0.06412995787172203,0.08361745616033732,-0.35676087923920574,-0.13898680038876884,0.2619940354281863,-0.13984935879739474,0.031899340541079575,-0.3696146469492438,0.058907835015133234,0.3104567309337245,-0.35981694269027403,0.3792216605538089,0.34489537991238095,0.28166354150246786,-0.11445619007417988,-0.11310449172747251,0.3920131536437032,-0.2623983867411156,0.18019225657616605,0.11083993012058,0.018495673208913533,-0.18401296809138926,0.0334938517331575,0.25246683038362605,-0.22314495698074813,0.3735256954259263,0.35757764370040984,0.5283494842424242,0.08737665005565907,0.16541161285221118,-0.1524373251988135,0.12929641300291403,0.1349635909535981,0.49623269873399156,0.13828188754658405,-0.2365221152661991,0.12842053097967385,0.07989945445498846,1.0,0.0609387234869425,-0.17940174922832444,-0.2763522650963563,0.2668009672615114,-0.1778338083090179,0.5331814136711301,0.2768253058952888,0.2839500137304705,0.20286461784764398,0.18484867709098948,0.28328620462119064,-0.06673918385595579,0.0794849934580348,0.21165854474132623,0.15237047861091757,0.09886804557076663,0.6148208013446813,0.10684681542720866,0.5059292548583934,0.12197817575044564,0.42525737434970773,0.23628559401118343,0.7176417194225939,-0.01898064777717049,0.24424664601988383,0.6304729316630602,0.12982318891315608,-0.11664361372521435,0.6755180347894402,0.30582526138928884,0.38170027455760536,0.1001808563269051,0.23648772536793108,0.4617664301093358,0.3736139799087744,0.30177649494135356,-0.217082750013755,-0.2506683843518062,-0.08369871995822162,0.1716541419153458,0.19037602406611243,0.23911902880845645,0.14129016444336265,-0.01242449696167238,0.2570963632012862,0.690730877235187,0.28248038347671317,0.5034779582532115,0.27227792476881646
Raphe_M,0.24720994820560566,-0.08719299435536637,-0.32187584264249636,0.2195793028646343,0.4217355614184583,-0.17502357387533993,-0.41769679628082185,0.24631151235082532,0.00021897370528320696,-0.1701641563177047,-0.23861942529376284,-0.2912928540314061,0.14189584706033825,-0.041738920217401436,0.14355810648743256,-0.10760941482253676,0.22569998852478404,-0.314027402288249,-0.029443647568839864,0.3249716103240723,-0.021521982465516745,0.4022756101543926,-0.22896303284120037,0.5212281284621961,-0.4698519728717861,-0.22531731245948522,-0.3537746204572701,-0.5933368980099183,-0.2938547384887089,0.014464411006161982,0.3291889684016762,0.2553580549531154,-0.08825183073359516,-0.047761326928106994,-0.04120701129923761,0.2461528215545685,-0.13276645200896672,-0.20660106974003853,0.1397856249992409,-0.33900862504427637,-0.0040225464874388125,-0.09767217652846269,0.19345987796696104,0.5856449392047857,0.40947831386420114,0.0609387234869425,1.0,-0.3322880287088085,-0.1093720248931294,0.19297883946664782,-0.23534517027226157,0.12590474459639492,-0.3020791861317801,-0.14131671065853454,0.20585282661834667,0.3356236723630933,0.08885437170372322,-0.35743799437976465,0.5067740469303494,-0.3199545122097549,-0.1742922060476148,0.06179309197466502,0.05872012727371514,0.6226739880522839,-0.106428914260904,-0.16665282641185586,0.29024273800198136,0.26851208742575466,0.19728222576072804,0.2816584105498797,0.28058960775144176,0.21014282689773167,0.307279413074776,-0.03451435348511964,0.3093771209649606,0.1888005101292546,0.508096682489549,-0.3762666228985462,0.16024878089292688,0.04515370948363215,0.08499537947567484,-0.29410226750149554,0.12435016299119456,-0.29480332926791597,-0.19598993779150145,0.262275215044483,0.26573518149380776,-0.29518487364820517,-0.522873623171277,-0.5912287582595559,-0.3476042335038315,0.13000974788677802,-0.13325928570295445,0.07181401967213877,-0.4225013056682591
Thal_PuM_L,0.2441620827631393,-0.048094164979942455,0.5657595547975013,0.21255293128366212,-0.1599274290181998,-0.06717425565149382,0.41009158056993894,0.008004288062475003,0.33028835039961346,0.14362098360903472,0.5909035130878437,0.21760331136793643,-0.12058867184457218,0.298608243697957,-0.08037700405267963,0.372723230387256,-0.3645995892605578,0.7416292296746553,-0.12761560946881542,-0.3721836379526365,0.3557611457805317,-0.14045363031865568,0.39773709385600875,-0.41591241112532096,0.6557077970306449,0.387338102154865,0.5545540241888657,0.22679377650976518,0.36990300178120383,0.2868145188384166,-0.2488923774648124,-0.15041432895453388,-0.29765739017665394,-0.013744745647772802,-0.13334155275977697,-0.025904992804400707,0.43948486125435915,0.11118405781264336,0.14657943813218663,0.46746978498074593,0.04168329850492177,0.349973041637502,0.23323699855336527,-0.43474384954502493,-0.2805573648208795,-0.17940174922832444,-0.3322880287088085,1.0,0.599384427608636,0.1791134541052968,0.44997946386770127,-0.38603439851828275,0.17611610266839428,-0.0734050211114399,0.09761812667189874,-0.5505484314286685,-0.412931603767277,0.7851031361709933,-0.3351361086913552,0.24126979804839627,0.19674193315091834,0.2772600632519871,-0.2646761880410197,-0.07876423951154107,-0.24159809168877525,-0.11124815460199472,-0.04468520155076331,-0.369035098438623,-0.29137905135115283,-0.21366255626656447,0.04279124131740992,-0.17644629003768678,-0.20493007432592306,0.16780030777809524,-0.36736126571026284,0.1588269944225452,-0.33313628796423295,0.46991234588087066,-0.12390960523539728,-0.3812965488154679,0.06761968110970613,0.11742625017278557,0.5332499703162116,0.17927513023473968,0.5687355664722877,-0.4567964895439769,-0.2200767142909216,0.06910578730853553,0.22990572481264557,0.501135917002316,0.09112887491248094,-0.28434478349453257,0.06564625281183532,-0.07678479917913454,0.14526230929919398
SupraMarginal_R,0.5766332511044914,0.10078607393251189,0.30407824410622475,0.6474635253959758,0.3141533143030032,-0.18797844855092372,0.050410268372116436,0.32388950947964895,0.4955620951773918,0.22003714607800073,0.7762362738302131,-0.09258521581849133,-0.043814269381615166,0.3464972266972369,0.1462271238983548,0.23816273294375653,-0.49695326757927827,0.7818648318783729,-0.4314294219201985,-0.49952929586291583,0.4602725155403129,0.3033062924135433,0.1486727551809414,-0.23398677878576768,0.49037681938696703,0.15453385189009375,0.2098853876361955,-0.059484652094430615,0.3452568668258579,0.13907473362654313,0.060920912967018355,0.26099970204041884,-0.7149541806210192,-0.18678083113423233,-0.34685604642955165,0.4284471262523987,0.1405869847600864,0.07503063117427386,0.31607443917135136,0.07721182036583081,-0.10359280415645962,0.33696719365072064,0.1933215767728118,-0.03885240576148398,0.03904276297151772,-0.2763522650963563,-0.1093720248931294,0.599384427608636,1.0,0.4385887000707182,0.5551045447632932,-0.705656255476584,-0.10820805502740607,-0.44457116380497613,0.4421033840570254,-0.678588102828042,-0.6334201943513008,0.6169986337702675,0.0866263887533415,-0.05092355149770985,-0.1363225006241825,0.5248297277755347,-0.6338525142471675,0.21493980538073032,-0.5856650615554547,-0.1740868773520215,-0.022706000689179655,-0.19768814681004113,-0.3731359019438356,-0.32213212121918977,0.20536755838855436,0.02682728191579525,-0.0012824872872003277,0.15115329143482514,-0.5674907355425262,0.4749795601405054,-0.31083069364411325,0.1674385205025969,-0.08121419684669334,-0.47206420982260583,0.09394011037409512,-0.22211987994126853,0.799248502747929,0.2549395300207212,0.2956274161431643,-0.5604800483372661,-0.21090855678755202,-0.17329687918559974,-0.05119567821352345,0.2790668912083718,-0.16991196463966327,-0.6680760363035733,0.10512927542665944,-0.3269574607969169,-0.2743084259507372
Temporal_Pole_Mid_R,0.7097083573718768,-0.11240095845112286,0.019397341819897676,0.6734835390859556,0.32400101873138687,0.09022902244194175,-0.136711464528093,0.325503633426323,0.5000845392153932,-0.05490289597362653,0.2660646255230041,0.10824028643753378,0.17715031689595692,0.20761310866297888,-0.12221366321886945,0.2678229708599871,-0.3638803775078841,0.1956138903729381,-0.089128077378143,0.22978860097073042,0.8250854533209431,0.38920166648885895,-0.16836340218935283,0.29868890435621803,-0.07746963967004579,0.20781726415665802,0.07642493887121017,-0.1697848988770289,0.18006272179829105,0.22677763003738194,0.6062346679915,0.3547290622765797,-0.41568419458609335,-0.12353392757295212,0.18007962544047126,0.7624325214223776,0.2986442912786274,-0.10029892262895225,0.11349531373297043,-0.004057387791608922,-0.024924605132585008,0.28685622784223996,0.058878466936174524,0.46098662843497545,0.492185475882869,0.2668009672615114,0.19297883946664782,0.1791134541052968,0.4385887000707182,1.0,-0.011163857178816291,-0.2718858422054117,-0.08377908481696074,-0.35938071989466264,0.5650057604577635,-0.44241136679579285,-0.41281304665380386,0.2322736228978652,0.4147189293151238,-0.22773247211509748,0.08408231664863845,0.45772762735484696,0.030158675779303895,0.5309232348115152,-0.06812005839044262,-0.1296458197841407,0.41640057822382825,0.2996979535993981,0.19667089728282441,-0.10184506719731799,0.6805941217176817,0.47617204357094517,0.32645155285720756,-0.007938910453303388,0.09584788031433236,0.7377765225017405,0.21895567385620648,0.0452481486753452,0.23491416967193868,0.025023303991868882,0.29570190882795966,-0.04859228734738961,0.6545279252402809,-0.2868271675022836,0.05053320615615429,-0.2876968084515693,0.12422284833527455,0.1097773037128597,-0.07212726620089954,-0.056203845948163696,0.014670120631840991,0.009393204424065894,0.49813234655995464,0.08876972248893532,-0.09843959168845985
Parietal_Sup_R,0.1034169330526675,-0.16407489211411494,0.45442834413516503,-0.03350768957101156,0.04002221165128943,-0.2777835425627311,0.48457587359381926,0.00849317944304548,0.2879008352781217,0.08506203563923415,0.8507878443731692,-0.14441157672000743,-0.09196154581209513,0.27775025854514757,0.09130101802281025,-0.1368640230576,-0.014984864446247463,0.6720659305775952,-0.2640594276176812,-0.4473100121164765,-0.02696534166723777,-0.14081822551274206,0.14490494556648412,-0.3124748548595898,0.5883489980274402,0.13326125275266365,0.15476631390614468,0.040649601855024864,-0.05098680913407638,0.04041771596713305,-0.33861266839591314,-0.10897936985676392,-0.09870460869404078,-0.09833390146737218,-0.2217484820537646,-0.11078878639498575,-0.12100031263068196,0.03319226537213182,0.26894435052186577,0.4114426677713259,-0.15539088971838166,0.587294488484397,0.18762239255590024,-0.2500162282297085,-0.41627025203216833,-0.1778338083090179,-0.23534517027226157,0.44997946386770127,0.5551045447632932,-0.011163857178816291,1.0,-0.2905549209438318,0.12104472900685845,0.33147206260343764,-0.050700482018575015,-0.17368915199282386,0.04222655423773813,0.3862949775523035,-0.3054250342299352,0.7098970133754386,-0.22609548137736735,-0.011187450152103885,-0.3838489077205643,-0.1818823767181037,-0.1911034543378107,-0.08450089719782673,-0.30676800411280675,-0.5473552896267863,-0.2154931628557732,-0.11593856165976461,-0.3259135453149499,0.07612923461071355,-0.3576856759783415,-0.0233641374252095,-0.4927329355787766,0.10655277045718817,-0.387447648416138,0.3471794233602742,-0.41667246794258056,-0.23512324872792353,-0.15511716189043234,0.16900169332840714,0.1653512171064183,0.1389535122580608,0.18182671121214927,-0.3415714332689255,-0.4833881530522252,-0.14515589509216115,0.059440269015283105,0.247740663743233,0.08889836691374084,-0.36991280409239297,-0.11186018001010034,-0.1554665719079444,0.04551974942473926
Frontal_Inf_Tri_L,-0.16009333271803483,-0.1231291531832881,-0.25634395101134133,-0.5063204327933666,-0.2236855858888807,0.24684250030729915,0.19506984932946314,-0.1545133924961401,-0.40346809515104637,-0.39140387624274325,-0.4335556462800209,0.10991290744963617,0.08431699072045752,-0.2460294670646712,-0.3837841460324817,-0.18297222933167107,0.6625504962704482,-0.5897667846496805,0.3460564201710439,0.49536069601621335,-0.3114730661703289,-0.2982708951675035,-0.14721643994082176,0.3437976770310442,-0.35828421332051213,0.06089245395253,-0.001526739751295796,-0.08136631204600558,-0.3533050562072745,0.019082032943101363,-0.007871974075734008,-0.43229700728188397,0.7029394300215391,0.14191050218902004,0.565952651993229,-0.3466253917887082,-0.11585855618985008,0.0396074117679843,-0.013498284978057034,0.14491837583203498,0.37176282692638873,0.04091295454147603,-0.16821359517982012,0.060048890196922174,-0.1263200181766251,0.5331814136711301,0.12590474459639492,-0.38603439851828275,-0.705656255476584,-0.2718858422054117,-0.2905549209438318,1.0,0.15364131518691387,0.5095958133806605,-0.24597615269964476,0.6046376509910896,0.6250948701842153,-0.4499685258071604,-0.017998613198064145,0.2513352861074261,0.04459186434312376,-0.2204896719978082,0.6695132461649411,-0.09777903507218307,0.619096400598202,0.04719434179775241,0.14154976630978786,0.1939888705004175,0.6142025201061508,0.21701571994162044,-0.13381475249754482,0.34252850603644097,-0.0673247242475109,-0.1308219326189811,0.6914319481254211,-0.24105182190603383,0.3154544522415557,0.016967593831708025,0.04185409706511264,0.5357303623568186,0.14700974903717937,0.3583141926685,-0.5869934808931727,-0.17622490267443783,-0.2022574970541076,0.5615127579930572,0.09064729269220151,0.1697478278626898,-0.0021634268853049877,-0.31394544986449935,0.2973120128848906,0.7760868156924153,0.11512433784690747,0.41525118671890954,0.275865010432184
Thal_LP_R,-0.11104244256113602,-0.017566071403568653,0.3981693847146594,-0.2753211788740784,-0.2816264882783121,0.06653577678765787,0.3568342911549569,-0.2461372499012479,0.14726494091563141,0.16757982995893742,0.18464589748006816,0.2609436136556263,0.20195406223637075,0.010041314660863188,-0.009790343974373495,-0.21080363297825638,0.17415399950153537,-0.005493142914118032,0.16159194432792484,0.09849108068680039,0.02147627217792511,-0.20577044771376912,0.5124524987170542,-0.025708223468939875,0.1895536947324743,0.23112137365389118,0.3871672860719725,0.28852829912344263,-0.16612572682051238,0.27235297855503937,-0.33120752108570994,-0.0960785389193461,0.2664631592253277,0.09231195485816837,0.24658175720053918,-0.14573223671000246,0.318242512170162,-0.1785238542746117,-0.26145844552298536,0.4660543662654754,0.10912543305061292,0.24052265717213084,-0.19954843886224682,-0.13123729200749784,0.06363920664369294,0.2768253058952888,-0.3020791861317801,0.17611610266839428,-0.10820805502740607,-0.08377908481696074,0.12104472900685845,0.15364131518691387,1.0,0.4139092713857436,0.02111096523651936,0.02138402070532809,0.2629057503907914,0.19521558960107396,-0.19885475612183753,0.4026451358112382,0.27982071539656733,-0.10350997693950324,0.2685715178848718,-0.23240613909683933,0.382663980210805,0.12059388409853124,0.15415051650842448,-0.05629432577085496,0.3371500713888614,0.28666410992930946,-0.2607258837337135,0.28403596315891083,0.0475727625651008,0.12477707751861433,0.06711644087948798,0.038483258287654656,-0.12902839653237164,0.2792090057880949,0.10790641831180521,0.24730902579739394,-0.19797662530816978,0.3976192621223934,-0.11800935132683403,-0.19517942588167345,0.19148970718034478,0.07464885666801066,0.28289565353706086,0.395573547917367,0.30352455964328895,0.3169362406012426,0.35149138469398655,0.32143701042791567,0.14265243561242893,0.24625011164323096,0.5580202804421595
Parietal_Inf_L,-0.3504835531443411,-0.05628025640685768,0.07976139643840534,-0.7312031044156657,-0.3867825677386337,0.28710765408140626,0.6689914776834935,-0.420410743620178,-0.27548411756986374,0.053256842220028036,0.08604488254373278,0.24157473720134653,0.03469100470476676,0.05121396873459038,0.029077827431778048,-0.14055355901998406,0.5135700677488936,-0.06118642659330574,0.38039394187906234,0.1845485943319155,-0.2504546367300051,-0.5978905185329222,0.29309574079913214,-0.0022021362780659543,0.18068004532595253,0.2632099332092458,0.24999525271818332,0.2072036902380632,-0.35324850106702543,0.011989390093831901,-0.4052259254213034,-0.5137841620617093,0.8545595438883821,0.32082958454630606,0.45516424474343065,-0.543048941645739,-7.574970905791776e-06,-0.023185786344459964,0.05508261391378776,0.5190989129497356,0.15718528551080332,0.38251878327256916,-0.11365941640409657,-0.35151824245968355,-0.3822869526686635,0.2839500137304705,-0.14131671065853454,-0.0734050211114399,-0.44457116380497613,-0.35938071989466264,0.33147206260343764,0.5095958133806605,0.4139092713857436,1.0,-0.4473378666519318,0.6035205711993993,0.8529490657940014,-0.08107616179053936,-0.46968345843329007,0.8325985172464243,0.19248601139951166,-0.4387675171091315,0.552327391425346,-0.46305842731648045,0.7040824651791879,0.30542789797035186,-0.15454211199479856,-0.3226943891757997,0.4211717732699857,0.18401766823288895,-0.3134276722850387,0.18984983910600323,-0.3410809494253255,0.058515010185504084,0.28342129289051143,-0.2734346011835622,-0.013851846323799396,0.4909745937556081,-0.04472563698447446,0.1760229327633862,-0.02781803148448493,0.6998250681132441,-0.6252987319715326,-0.01038699362505517,0.031189365602483365,0.07226372711834679,-0.0670197835570259,0.29289890017642045,0.3346589841531037,-0.028545305908149396,0.4928701804749678,0.5057509626344996,-0.08243400864914927,0.2173016324900332,0.6597092129951705
Thal_VPL_L,0.6525656179653222,0.23245468895255442,-0.14207806311392682,0.6915786342886394,0.5662887398784195,0.059271102293998075,-0.259618358009629,0.48466215130194906,0.5090268507784809,0.03510052320635723,0.17859180699116253,-0.02311113773217974,0.15944989946321553,0.1038246802206716,0.04669779178708433,-0.004342652567806558,-0.11596176372882035,0.10182099558858497,-0.26122273776755095,0.18290980525846076,0.47586054342078643,0.49255414182333795,0.05069204769669076,0.43221234438578654,-0.1511785435983741,0.0458105103928659,0.11054344224759903,-0.22128680917073967,0.08839967305281358,0.25056211025569536,0.46453092545245045,0.44748598953684776,-0.5218650694781334,-0.1605593250759228,0.08104926561185428,0.6774542722727428,0.10773745425063093,0.06249946908869509,0.30005323742402434,-0.2605618597915761,0.19955040924267564,0.21972257283385963,0.06615745594972906,0.4194065225796173,0.6300616586220802,0.20286461784764398,0.20585282661834667,0.09761812667189874,0.4421033840570254,0.5650057604577635,-0.050700482018575015,-0.24597615269964476,0.02111096523651936,-0.4473378666519318,1.0,-0.4076047148269516,-0.4297607641312139,0.15883277167133297,0.5788311412986367,-0.30013239156489,-0.11581557541088591,0.42128343089653636,-0.16013110043680742,0.5171016116352358,-0.24668748943168553,-0.08361569377890782,0.3925980703978181,0.5432728522215315,0.20394764461739545,-0.1208695474227001,0.4364186902005163,0.4385272475531592,0.46640935407677914,0.23006723233989704,0.007541180074685979,0.6383031064559093,0.11256372374218061,-0.16327664548407936,0.35725968822176174,0.1344206337735099,0.4059883812096022,-0.20820902825214296,0.5519010565794148,9.427927900506494e-05,0.06935649110281995,-0.02251736478689697,0.37227658246496104,0.026438563663954834,-0.1696293951908744,-0.06561254556394483,-0.11282611651717243,-0.11325413151123787,0.4085004831662965,0.03153199303290122,-0.2571042980468911
Precentral_L,-0.3762433295325033,-0.09222751023030887,-0.3170010320127115,-0.6039919413057457,-0.12938818352945128,0.08850683811469601,0.0716561982210983,-0.3015674230699941,-0.5047560032593295,-0.06375604990631002,-0.4497400256456508,-0.049020981068820864,0.13866937095175183,-0.21205080220767636,0.23927226058026976,-0.2086219812339076,0.5687415584125995,-0.5220358280150273,0.421935015651002,0.38198496477804955,-0.4836471997750599,-0.270141668457751,-0.0657506099284755,0.3508781598949936,-0.2929815061349449,-0.08054332562793326,-0.1876886185849573,-0.23115869920377285,-0.4544555071594689,-0.2641598120380784,-0.12284535239899984,-0.2649003305604773,0.7194385707588482,0.2990654915066254,0.24741390368644178,-0.4761004267630669,-0.24333319043518403,-0.29715518837854143,-0.02221691934266779,-0.0025409177249256674,0.09031166140321718,-0.08574517829444382,-0.05761659153158385,0.04664162348188609,-0.06365849374552016,0.18484867709098948,0.3356236723630933,-0.5505484314286685,-0.678588102828042,-0.44241136679579285,-0.17368915199282386,0.6046376509910896,0.02138402070532809,0.6035205711993993,-0.4076047148269516,1.0,0.8777160636533272,-0.5536960354409224,-0.06314974784695318,0.2077425108496052,0.06231971000481107,-0.33945443548385357,0.46972250915288855,-0.0709686440574209,0.49729228873622444,0.2553426675218757,0.03448209984413106,-0.050919437313084466,0.3775807135662014,0.40846729124078873,-0.17211349431478049,0.13744858262642323,-0.13421054383065403,0.006782245035059489,0.5519826890645748,-0.34947368029993753,0.41063381456346026,-0.029016888328433247,-0.0020130441050157316,0.0870611342510213,-0.15558323748891242,0.25606234895636254,-0.6525832993070433,-0.17923953554558866,-0.13714819356219043,0.33086011672017634,0.10300170808440029,-0.03054991053850983,-0.10176081560551088,-0.5313150647361901,0.1077760196676995,0.4577429322121169,-0.35367084236566515,0.20743308825326418,0.1832127150556359
Postcentral_L,-0.3864497001766683,-0.07078218422172242,-0.14870451823949035,-0.7701235026494455,-0.32340467124385847,0.27061920071229323,0.41953146116549184,-0.4605436952898302,-0.5340480250135118,0.059866179440351365,-0.23812778913058139,0.17881119231845322,0.11245638329700527,-0.06816001529191727,0.12733912392027422,-0.15431732768695341,0.5240546866284577,-0.3682127946356794,0.5368375733566191,0.34798940510072573,-0.36959350432534405,-0.5420656723920914,0.09106874164928298,0.2125462437946828,-0.05996967010550585,0.16325389237212334,0.05557261480091472,0.027893614409109,-0.4570369569842602,-0.1730500193965778,-0.2794188508257534,-0.4454194835586152,0.8645731805900335,0.4071081916358336,0.4407414089171971,-0.5678678147815895,-0.09626322033683492,-0.23965288549006464,-0.0018405501763135463,0.3047154841011127,0.12292818887385466,0.11930390502733774,-0.23953850002234453,-0.14354265167440997,-0.19698642456847454,0.28328620462119064,0.08885437170372322,-0.412931603767277,-0.6334201943513008,-0.41281304665380386,0.04222655423773813,0.6250948701842153,0.2629057503907914,0.8529490657940014,-0.4297607641312139,0.8777160636533272,1.0,-0.37075812946065445,-0.2978625465507525,0.5383953677135104,0.21919167237045034,-0.4438015729388783,0.6099308867562178,-0.34277140552184343,0.7346998135976391,0.39272000946619157,-0.06666736465161201,-0.1958057381616687,0.4779858365316927,0.36035718596794053,-0.22428544547871537,0.23407319241012245,-0.2782168000526898,0.057584452348010524,0.5081401899087489,-0.3759604935281603,0.21248907098979808,0.2779808559765238,0.021017073100641468,0.12864828176116075,-0.10071544948805157,0.5922628703526859,-0.7288787675851325,-0.11968920784708408,-0.08566819188205196,0.2032517158057243,0.07718110058249189,0.19961768132969787,0.19083622778960166,-0.3067947156388874,0.43522587963615983,0.5185881535482147,-0.22137528738330878,0.27208041412293277,0.548163083672443
Thal_PuA_L,0.2136711339746627,0.11196818251323266,0.5316345145305489,0.22185286976852828,-0.2542531330531067,0.08042874783484597,0.4650781898448548,-0.01713210772759323,0.2398231222395136,0.23417408988758553,0.5449655806732896,0.2947320212198527,-0.3418922077397823,0.3933446449901794,-0.0426009634078191,0.5120588161464217,-0.5672623728467412,0.6694859964809499,0.09028552644143074,-0.4189850100004565,0.4867587642183414,-0.16989238356778713,0.4366477537264272,-0.4439334978619154,0.6323527119576448,0.38538491551183635,0.4945482729066213,0.32215635165070067,0.305491325757603,0.11491727606945208,-0.19916917739925813,-0.19146008482286922,-0.2661292963795343,0.27257643918273744,-0.10877186457466317,0.007686963209810126,0.4263608300189381,0.02546624385668023,0.22922526242936472,0.38127653805112144,0.052753107583361984,0.2003763330636906,0.0884077069274653,-0.4757336591053502,-0.2638063678984546,-0.06673918385595579,-0.35743799437976465,0.7851031361709933,0.6169986337702675,0.2322736228978652,0.3862949775523035,-0.4499685258071604,0.19521558960107396,-0.08107616179053936,0.15883277167133297,-0.5536960354409224,-0.37075812946065445,1.0,-0.29540854557226826,0.20402886652981186,0.25660448796852914,0.18182914931468452,-0.20815091056395468,-0.13658395665371348,-0.17351186858266512,0.09289365065690437,-0.1252502866491118,-0.36211584947004827,-0.2354139949050757,-0.3470494349187809,0.2052286387629531,-0.12626116947142987,-0.13653346530774987,0.25064739300012534,-0.2707743526787732,0.1613298856227039,-0.27035355519599286,0.4739378150257277,0.01448086364440571,-0.37692895078865396,0.20962062724671163,0.1413945880535588,0.4419557406939217,0.25875732062733986,0.4194289007372711,-0.5173069821925064,-0.11423957162836756,0.24073834689457788,0.3483153621517878,0.5280695936662264,0.12569665652808462,-0.27987774087935335,0.019399031543400204,-0.10793581740625408,0.23234776703886859
Frontal_Inf_Orb_2_R,0.41950047113328937,0.2412097894303716,-0.43471254060716147,0.6539154423307392,0.6656501091272986,-0.2042647942763235,-0.7004647366187967,0.5385527472909105,0.32842802281956207,-0.2237311588845426,-0.10658953196991805,-0.44674862825611145,0.21758646568074375,-0.3105373486136352,0.11399237092303527,-0.37004374091422504,0.12218835594259989,-0.3774252491947262,-0.2911338403757844,0.3700403592192419,0.14677389637811084,0.8277343036999516,-0.06911005866291298,0.4934987893294845,-0.6931111193823247,-0.47798271737382914,-0.3834827053314746,-0.5371583774378943,-0.222034988733818,0.23371379926712638,0.48767505775737185,0.6250729454934881,-0.45028291989320096,-0.3366887635712203,-0.11280112029040658,0.6842386579741669,-0.27759825202500105,0.06541020675949721,-0.0047247145469840116,-0.6131152465934997,0.02931861560993366,-0.061701012250321936,0.23972005709346134,0.7487326568767366,0.7841930954025511,0.0794849934580348,0.5067740469303494,-0.3351361086913552,0.0866263887533415,0.4147189293151238,-0.3054250342299352,-0.017998613198064145,-0.19885475612183753,-0.46968345843329007,0.5788311412986367,-0.06314974784695318,-0.2978625465507525,-0.29540854557226826,1.0,-0.5382042766873973,-0.4519877620753654,0.1745156516637446,-0.17586555097535927,0.7113709732830904,-0.35417032283305466,-0.3332620531298087,0.3522142367060682,0.6535267589558227,0.2671409557836695,0.08426057390311831,0.34095525455806397,0.3878253118564642,0.7835215027359484,0.1709971628634298,0.13591940836564922,0.4617066968514297,0.43483637161343547,-0.6827730330917281,0.3702107550325712,0.38962492930043274,0.2120620289199792,-0.5698690568300064,0.3136919845324951,-0.20184323955847908,-0.2191252321025156,0.44630642402644044,0.4955063673006876,-0.06638201130691439,-0.5697194765355968,-0.4146221843419153,-0.4712176071202272,0.0392181500712177,0.12272584642191876,-0.11255316539663367,-0.5893233427060438
Parietal_Sup_L,-0.16911800093827148,-0.16962335859772104,0.3749033911746395,-0.51843975997735,-0.29736956815575416,0.101396262925673,0.7772988307954859,-0.2282470862999886,-0.015162598087150519,-0.04139433128126883,0.4536605202838737,0.12917638199593243,-0.09081379347662841,0.15623299115925182,-0.10119052145940728,-0.13723599025392072,0.3168008929172713,0.27486683299274584,0.13284509602657202,-0.09237942663941846,-0.131761261561237,-0.5217955847709514,0.24338369586322972,-0.18787943813988064,0.43353063571309514,0.27185387972108377,0.2645628700591043,0.23025407865238412,-0.21682939696248552,0.06969611223552657,-0.4278171660685277,-0.4459253148768033,0.5361404625015157,0.16848338928121814,0.2442556649539374,-0.4125448741748964,-0.03872791920405314,0.06631812779684784,0.15873228702022982,0.5936159158325875,0.10932666954885951,0.5650748351026883,-0.023985679848252613,-0.40981043892745017,-0.5258007089076038,0.21165854474132623,-0.3199545122097549,0.24126979804839627,-0.05092355149770985,-0.22773247211509748,0.7098970133754386,0.2513352861074261,0.4026451358112382,0.8325985172464243,-0.30013239156489,0.2077425108496052,0.5383953677135104,0.20402886652981186,-0.5382042766873973,1.0,0.022816130679090278,-0.3278529588069364,0.23561251959636043,-0.45009240953572427,0.4125884473996575,0.12275895057235887,-0.24938676233131157,-0.46373380191049135,0.20442149934489545,0.0044326173047780585,-0.39060244508760156,0.14272423686534563,-0.42571410393746145,-0.039854967954561504,-0.019090409268589594,-0.15575515141280083,-0.23144989091206977,0.54497665028556,-0.26725631161050883,0.09791484661683818,-0.018812807494802217,0.6046206359124001,-0.36112920420510813,0.07923349324840898,0.10927687809595805,-0.10564302575662705,-0.3149908243670503,0.14343227340797726,0.30002513325092744,0.20470787959726397,0.4215035666743754,0.24283538907259303,0.022833434911821156,0.12176195618359172,0.5260737814400348
Cerebellum_Crus1_L,-0.12460916741998312,-0.0829221716348333,0.13929320390781424,-0.34368119417350473,-0.5140792025537104,0.5110053609664479,0.47239398356757273,-0.5345866888471199,-0.26942593888584127,0.5401700870798664,-0.1528259629368518,0.8922032126466909,0.09091623219093709,0.397916244767166,-0.01169128711864057,0.6111964512868984,-0.3219710311839001,0.1687046549016755,0.6160542248964677,0.05360436654817052,0.3919751469963638,-0.6001951599765849,0.13629947427516115,-0.09037522557601715,0.3951697677774482,0.7301893103557877,0.6353772481057691,0.609178702470277,0.23509295090370394,-0.09995200742869363,-0.16452305932186684,-0.44346322916437736,0.33323475595600754,0.4718739789869857,0.4970295066720026,-0.33810624701796793,0.8098606382663719,-0.3148266849682709,0.05303100016327508,0.5911295523915653,0.01641771557168821,0.05287881212678897,-0.36760952051539164,-0.3587969090484515,-0.147843170124143,0.15237047861091757,-0.1742922060476148,0.19674193315091834,-0.1363225006241825,0.08408231664863845,-0.22609548137736735,0.04459186434312376,0.27982071539656733,0.19248601139951166,-0.11581557541088591,0.06231971000481107,0.21919167237045034,0.25660448796852914,-0.4519877620753654,0.022816130679090278,1.0,0.04579243151601821,0.5397992911076247,-0.3832537634590391,0.6186835452510188,0.5603698819469629,0.2580196223554287,-0.25861054094874697,0.13180068420882737,0.02663750458859163,0.22944861967605462,0.07801843453689022,-0.40786360388230464,0.1642341642101464,0.2165936781289101,-0.06257766481964981,-0.03867239965197252,0.6457614026257243,0.08961175362804491,-0.2634775442682469,-0.00867587066555802,0.6686492653149316,-0.027780037351306075,-0.07447817757612199,0.22477526299804534,-0.39929612326708297,0.0511249972908015,0.5199613753346471,0.7485596083451599,0.3595228178384815,0.6819637631038957,0.16553107810000048,0.08285651172844039,0.34300995205333823,0.6843380839659371
Supp_Motor_Area_R,0.6230192320948316,-0.011320597877805063,-0.008505869497368325,0.5533402482190001,0.3333770554117545,0.05452396617610952,-0.11266336409685634,0.27829617497350584,0.4382738868460971,0.031017935286152293,0.20873955904332556,0.07364540858861612,0.2184515584812467,0.22247734399679375,0.08988034097199088,0.3267857412136817,-0.20606942050369165,0.3964772620461489,-0.28852826666270354,-0.01881413091034,0.45629604396116236,0.3072149789279146,-0.08611407965197714,0.15444619898487075,0.15592699992104886,0.26238473827924647,0.21223770195651134,-0.14562194634220527,0.40181552856689257,0.12807960831803658,0.43586188940883047,0.29092656451646304,-0.3991459432433568,-0.21734147909285553,0.037906395862290984,0.4732079558576783,0.2652040788438882,0.03275751292318221,0.18541341932277927,-0.0028647626372881093,0.09531640235999052,0.2218219045826262,0.1705582981199389,0.18288709248348095,0.22329209587740415,0.09886804557076663,0.06179309197466502,0.2772600632519871,0.5248297277755347,0.45772762735484696,-0.011187450152103885,-0.2204896719978082,-0.10350997693950324,-0.4387675171091315,0.42128343089653636,-0.33945443548385357,-0.4438015729388783,0.18182914931468452,0.1745156516637446,-0.3278529588069364,0.04579243151601821,1.0,-0.1797461722085049,0.36863010163198606,-0.23768789016042627,-0.1506698713427351,0.43022148145696054,0.22252279172853145,-0.08905811975144497,-0.19437035930161267,0.37417702062843405,0.26392475569335444,0.04826247100597966,-0.056358500835455225,-0.10993280660128414,0.6017783174058119,-0.05683561003121924,0.16149988416749317,0.14034454048244283,-0.24636309504981097,0.12112913050102302,-0.10729321231700778,0.6317889938995105,0.10429041362189143,0.2609472765225105,-0.32085989400102016,-0.05903422892904166,-0.08256743123158986,-0.10870742920229932,-0.04346507971465193,-0.06721074542340714,-0.2605956784697832,0.3180244598003546,-0.10531133418516761,-0.201899056377859
Temporal_Inf_L,-0.07502117590665001,-0.09857678160690889,-0.2024461634905925,-0.46815821867614865,-0.37968552020273205,0.6252241451139957,0.37552285796216983,-0.33800719085784975,-0.3608509994143037,-0.03230124339265778,-0.4271174419719284,0.5949196119385632,0.1181574407209,0.025887298159592412,-0.2598750308350516,0.21354785776012483,0.29070349390539874,-0.4059095357391675,0.6259745333408113,0.5510944741577948,0.18093048644334073,-0.4715263372951858,0.0011757837609836115,0.35166137791176355,-0.1931309501255337,0.45187828639896827,0.29592522000767035,0.25146496933722745,-0.19192516882865324,0.0013216893570387974,0.06261925716907354,-0.46841262803270295,0.7484766150733209,0.4353160006901808,0.8433065270456087,-0.251519262143479,0.3916717811244717,-0.1393857736999411,0.06522819932306707,0.37616724477272917,0.3662937828764052,0.1438104225347151,-0.29786527392593076,-0.04113936062260113,-0.022553428966091346,0.6148208013446813,0.05872012727371514,-0.2646761880410197,-0.6338525142471675,0.030158675779303895,-0.3838489077205643,0.6695132461649411,0.2685715178848718,0.552327391425346,-0.16013110043680742,0.46972250915288855,0.6099308867562178,-0.20815091056395468,-0.17586555097535927,0.23561251959636043,0.5397992911076247,-0.1797461722085049,1.0,-0.19491210196581438,0.9092820079855161,0.3883124495625194,0.3436845174761405,0.09579887237680151,0.6855769409534442,0.1624821899994571,0.1983266723605979,0.3857972228224036,-0.14292538793243573,0.01570044530585174,0.7261921915195971,-0.04695185214207489,0.3400608906534364,0.3871630187569068,0.25362207226623956,0.31997836140208913,0.25931457310447614,0.6710092792182766,-0.45742632517164433,-0.19633711370117327,-0.08902474589679914,0.1361468718054012,0.23550777471399056,0.4328510039588431,0.4246412476039377,-0.11097106538702695,0.6074305796067432,0.8063614566804486,0.23354112463867877,0.4751622760639543,0.6386405777514611
ParaHippocampal_R,0.5616351227421885,-0.13934770787354425,-0.1801225594708554,0.6787952575350231,0.6595153380484039,-0.341881140466332,-0.5708237936930944,0.6049821936334894,0.43331815486652636,-0.3802614624624704,-0.014062499714689562,-0.4801008880716932,0.21512463512777932,-0.13596551060984666,0.04022563946400944,-0.14820741992928982,0.107721090163873,-0.15077726145015938,-0.34650158645695484,0.3647857182418121,0.21006266593925002,0.7690909860647972,-0.1937355218167777,0.6011051487752801,-0.4605723054531813,-0.272119685712967,-0.3791660984765186,-0.790579635862657,-0.08622940154959681,0.17974971077646235,0.6026134408241488,0.5365407799612492,-0.468382752187051,-0.31022635224055367,-0.16207093726935082,0.6544377595694126,-0.12320943098651545,-0.1390604700905133,0.07693956951951202,-0.4542613816221115,-0.005814294648294427,0.004396606172274756,0.3754575719217279,0.733726226191243,0.6143399345324048,0.10684681542720866,0.6226739880522839,-0.07876423951154107,0.21493980538073032,0.5309232348115152,-0.1818823767181037,-0.09777903507218307,-0.23240613909683933,-0.46305842731648045,0.5171016116352358,-0.0709686440574209,-0.34277140552184343,-0.13658395665371348,0.7113709732830904,-0.45009240953572427,-0.3832537634590391,0.36863010163198606,-0.19491210196581438,1.0,-0.4151371512378496,-0.4398905774007642,0.4515855757078956,0.44765824149394723,0.14885581539208392,0.2528539430782751,0.4529606479364158,0.31654758376703424,0.5728388928265269,-0.1095342753628486,0.19480259780122572,0.5536635199443342,0.5208637122551716,-0.4909523628739481,0.16371807148175424,0.10987341684870547,0.13872921519235548,-0.5386454912047136,0.5462673946132377,-0.35709269036915586,-0.07223647743463331,0.2442577651311054,0.2894540121908449,-0.4145941082994044,-0.7304800115954956,-0.5269706096442462,-0.5530688011608629,0.04705203494487743,0.10726641846153029,0.06417701309312879,-0.6302640343001839
Temporal_Mid_L,-0.20404445130961646,-0.07012432565202946,-0.12222452415137627,-0.63769620259265,-0.4604442540712948,0.621496500732855,0.5514968653652418,-0.521467745452521,-0.40505027266797433,0.15263864485274423,-0.2874247360783939,0.6594463689436262,0.18385079320091818,0.12299856425062027,-0.16215290387907724,0.18558234925131284,0.2778905165411631,-0.26495145747701715,0.630239726502036,0.4456100158434608,0.09788430496757466,-0.6486656224616213,0.0664647856081645,0.19781152872592883,0.027855860877196503,0.551924838258983,0.39575212524099873,0.3831725005176156,-0.18844538780607914,-0.020357904334771266,-0.09467752463259305,-0.5538941796868506,0.8318637257902715,0.4252298157622833,0.8271774397149113,-0.38988071252316614,0.3604511862093168,-0.15627538979866876,0.0316081118843524,0.5310877589580943,0.24456231874004142,0.20747630083057228,-0.4029194497290889,-0.18273470289705074,-0.15063618014387944,0.5059292548583934,-0.106428914260904,-0.24159809168877525,-0.5856650615554547,-0.06812005839044262,-0.1911034543378107,0.619096400598202,0.382663980210805,0.7040824651791879,-0.24668748943168553,0.49729228873622444,0.7346998135976391,-0.17351186858266512,-0.35417032283305466,0.4125884473996575,0.6186835452510188,-0.23768789016042627,0.9092820079855161,-0.4151371512378496,1.0,0.49333783802432324,0.1936287238635216,-0.0611978974467218,0.6116721867637887,0.15518272366677435,0.04807268926350985,0.38107446951248597,-0.30184339809953387,0.05150265458397373,0.5650111382151015,-0.1321637960680713,0.15701320001675706,0.5467178269078063,0.17320300737631422,0.2553536206097703,0.13520043581905775,0.8470641074125166,-0.5428797958578255,-0.15116552058371122,-0.09503485381682385,0.02955664784094738,0.12361179650360586,0.5437858772207743,0.5627969802908969,-0.022134191682877183,0.7700984144236088,0.6810630103211063,0.21638355575127324,0.44376893909119675,0.8154477552278276
Cerebellum_Crus2_L,-0.25060432650998404,0.15010269423772438,-0.07284374596262762,-0.4266099226042569,-0.4031056179904687,0.41458311334439085,0.38889980656710366,-0.4573197025358102,-0.35557927248932397,0.5319624363490525,-0.16556631543402842,0.5890025765920982,-0.09593459024210335,0.3274582011889091,0.23125103454441956,0.35595814589057845,-0.17429418831778543,0.020867942317941392,0.5961564624968846,-0.05875591035349029,0.09307498460530352,-0.5196913102568039,0.12605051908553405,-0.12038739435912729,0.28231353298767525,0.42654530733106055,0.36236828265078275,0.4663309505455594,0.07694813454160081,-0.3327772801457423,-0.18889497556492868,-0.37954695542162015,0.3681275508381065,0.643098937152829,0.30117754234637756,-0.36648090451572285,0.37575095042324974,-0.275016555925262,0.1862808983541156,0.31053524113825737,0.08468192622526466,-0.06100228810737934,-0.4312769696702163,-0.3702647331094972,-0.16030015138925688,0.12197817575044564,-0.16665282641185586,-0.11124815460199472,-0.1740868773520215,-0.1296458197841407,-0.08450089719782673,0.04719434179775241,0.12059388409853124,0.30542789797035186,-0.08361569377890782,0.2553426675218757,0.39272000946619157,0.09289365065690437,-0.3332620531298087,0.12275895057235887,0.5603698819469629,-0.1506698713427351,0.3883124495625194,-0.4398905774007642,0.49333783802432324,1.0,-0.07413014124486571,-0.25213483095869565,0.08294707487221747,-0.06616165815117775,-0.002396608978043051,0.029845670176895343,-0.3377954776423529,0.2655990139833895,0.19451678508780296,-0.22675821761435666,0.01605604411931542,0.45578547067249126,0.18166277758341026,-0.2158892598305773,0.03963644045818101,0.4691541354871855,-0.29120128080680435,0.08691143022873526,0.17746223155966925,-0.26683466803336386,0.040185282560211484,0.35957433048938164,0.6323093809178233,0.1584498077454804,0.43558205327909394,0.06574164769452154,-0.16314728554045402,0.17064622573090954,0.5190995704707556
Paracentral_Lobule_R,0.4353864586620147,-0.16433810203300042,-0.13631387224952404,0.3028413564292584,0.2825507861314765,0.1176156762852159,-0.18713629237638726,0.2016545630028773,0.27042918367023633,-0.06964734227649387,-0.13763669148230212,0.23115404660155053,0.3992040849108462,-0.04537998338117331,-0.027109352041878535,0.024144839833389522,0.13508035445124622,-0.12584699349082565,0.03778722683434811,0.48487919985849837,0.3772162664291555,0.24990105012142177,-0.0632159271000428,0.5285652760317164,-0.29507284358908753,0.24347492074966948,0.17103460144218174,-0.1351139266168509,0.06973631970618718,0.21776332688361505,0.3752843708189727,0.16955456266356045,-0.06631829306262613,-0.10666117174978824,0.393025923358914,0.30877850313322536,0.3984504771234736,-0.19756503264109884,0.06427772578616198,0.0467582606859507,0.17634612939056987,0.28122417901730545,0.1369500478964189,0.4258091722541348,0.4699581991668191,0.42525737434970773,0.29024273800198136,-0.04468520155076331,-0.022706000689179655,0.41640057822382825,-0.30676800411280675,0.14154976630978786,0.15415051650842448,-0.15454211199479856,0.3925980703978181,0.03448209984413106,-0.06666736465161201,-0.1252502866491118,0.3522142367060682,-0.24938676233131157,0.2580196223554287,0.43022148145696054,0.3436845174761405,0.4515855757078956,0.1936287238635216,-0.07413014124486571,1.0,0.36828518641874575,0.4977958818594605,0.251834274715483,0.36900694151846436,0.5063516970378364,0.2510724210780752,0.0827451730968858,0.38482586647509015,0.5205870659045314,0.33587691741535847,-0.021718142446552586,0.23352912805205348,0.15949829608047192,0.09598279866376475,0.07460835553653564,0.31848328075441684,-0.3282755294196962,0.04837039515116596,0.0835425013391746,0.3575156446144408,0.03384065882071454,-0.04805384184900428,-0.11886025276938258,0.11122659932838386,0.3169332756915625,0.2980806708522444,0.31415227067606,-0.02802246986702309
Thal_VPL_R,0.3189452213587605,0.3185232782245293,-0.4782467031091382,0.43862843549003405,0.48518702779627615,0.15727341447663237,-0.5387949357586564,0.400177751019385,0.23691746600518354,-0.236963764528856,-0.38727879588330894,-0.1858996852897031,0.2686219095801266,-0.32513194491384795,-0.031146812990229273,-0.2518393734364561,0.22493176287765482,-0.45087660040784605,-0.2011489039609815,0.5306715700124498,0.13349396128516347,0.5272380409507071,-0.07079743253422226,0.5507982899155481,-0.6751378769411194,-0.2940672642223402,-0.1930705111882463,-0.3090118132437895,-0.006791064557323427,0.34627067295933467,0.545317669981899,0.47857976024156273,-0.14503864984121048,-0.36483858882356196,0.21040099083120958,0.5830269995459959,-0.1790635808030326,0.2920085225667136,-0.09983085768865396,-0.5515528992425236,0.1565043145228221,-0.04471618815402266,0.11738759057013472,0.5468230957625653,0.6979045441904821,0.23628559401118343,0.26851208742575466,-0.369035098438623,-0.19768814681004113,0.2996979535993981,-0.5473552896267863,0.1939888705004175,-0.05629432577085496,-0.3226943891757997,0.5432728522215315,-0.050919437313084466,-0.1958057381616687,-0.36211584947004827,0.6535267589558227,-0.46373380191049135,-0.25861054094874697,0.22252279172853145,0.09579887237680151,0.44765824149394723,-0.0611978974467218,-0.25213483095869565,0.36828518641874575,1.0,0.3192813830572393,-0.06741602997956432,0.34601205605873325,0.2846263059170098,0.6393987783702473,0.06371306678088284,0.26358362924542406,0.3545818609298983,0.2524664786423552,-0.4553555209766896,0.46220068772630246,0.5088498119693737,0.3412100004974355,-0.2819193412672099,0.10732240509978726,-0.036801603168000505,-0.17746855360052638,0.45620758270904865,0.4942491131251981,0.11493369114121559,-0.386848925210878,-0.36126910460151623,-0.2107836339024713,0.24563696137916174,0.4783394026852552,-0.009546227162136333,-0.257801043941283
Cingulate_Mid_L,0.2307591054101705,0.0371846972139945,-0.2679625910180671,-0.1024902167801385,0.007892024818841095,0.3625370177757317,0.14280124715893228,-0.023306623340586936,-0.07822980444146738,-0.2131546162647755,-0.12567410164011047,0.2038827320935753,0.1642558502411556,-0.13824858185651712,-0.24808024420573846,-0.18519389455097407,0.494157745266654,-0.4578224992868235,0.32772856265748684,0.6096981400175693,0.17091491164210043,-0.07746809677096199,0.1160115081912129,0.5322758099987508,-0.4396293472617506,0.13631329778235976,0.16132600877191083,-0.11702990375525292,-0.3748573685295082,0.2377493529041048,0.12150023625124892,-0.19336561619799056,0.46821129909954534,0.16784890237412145,0.6687018743478516,0.05503499679592458,0.08182172555028686,-0.10616957270969749,0.05691645377355497,0.13539300422905423,0.47213658616923565,0.2962226677058834,-0.09129749498408701,0.26651237312744264,0.30821014736692515,0.7176417194225939,0.19728222576072804,-0.29137905135115283,-0.3731359019438356,0.19667089728282441,-0.2154931628557732,0.6142025201061508,0.3371500713888614,0.4211717732699857,0.20394764461739545,0.3775807135662014,0.4779858365316927,-0.2354139949050757,0.2671409557836695,0.20442149934489545,0.13180068420882737,-0.08905811975144497,0.6855769409534442,0.14885581539208392,0.6116721867637887,0.08294707487221747,0.4977958818594605,0.3192813830572393,1.0,0.27519681636686033,0.2300577767203775,0.7199498348506896,0.28087199462770535,0.19286474265382156,0.6794124329593799,0.26254118709727403,0.39101408694621603,0.0328252996506909,0.35732772259976486,0.47774464836404096,0.3690726500719042,0.39205725396127117,-0.23501794287078362,-0.3168825324672941,-0.1264276679633091,0.35733227108202115,0.47918404488050503,0.2947323512688384,0.050056368774398376,-0.2278661349885024,0.35131257110942815,0.7491542226461058,0.25422253972784226,0.48885160461327787,0.32868865104254796
Thal_Re_L,-0.11795299556696975,-0.3831176774472429,0.0939935187405407,-0.20461306215869793,-0.012189010181009931,-0.3249081608969689,-0.1735631231077096,-0.1277543504018222,-0.16473959969293878,-0.08756937988592187,-0.13841129436184293,-0.17988417037654914,0.36421808751400053,-0.2618274631399669,0.050484881848665154,-0.34547472129761353,0.3136031086155318,-0.3535862709940813,0.07577137870051878,0.41950321988449535,-0.27231117142165195,0.02965429726756546,0.05763284549834329,0.3518951426893334,-0.21624354684371674,-0.03838750816233745,-0.14883828822609949,-0.36688724865568956,-0.34652040312648513,0.04169264169504799,-0.07330624102055533,0.09687239484566862,0.1391962432502206,-0.06123888420316066,0.01125753407178213,-0.1639956721057234,0.025393954786028752,-0.4971079933728837,-0.3744293071896164,0.12149854152345407,-0.10314856541358455,-0.023855717828568934,0.02281612992680052,0.29404889440265886,0.2916179832916882,-0.01898064777717049,0.2816584105498797,-0.21366255626656447,-0.32213212121918977,-0.10184506719731799,-0.11593856165976461,0.21701571994162044,0.28666410992930946,0.18401766823288895,-0.1208695474227001,0.40846729124078873,0.36035718596794053,-0.3470494349187809,0.08426057390311831,0.0044326173047780585,0.02663750458859163,-0.19437035930161267,0.1624821899994571,0.2528539430782751,0.15518272366677435,-0.06616165815117775,0.251834274715483,-0.06741602997956432,0.27519681636686033,1.0,-0.15914805770929671,0.16121714165050305,0.14539791068335162,-0.027690636249189767,0.2704502766099274,-0.10720124059446401,0.2867061264342547,-0.19176753148094672,0.011238167039769159,0.015037395553463036,-0.43892836125240475,0.011943209246689873,-0.06350925263609837,-0.5670313172781976,-0.02594599355399206,0.27092165236225,0.3884634802214313,-0.2736792873136206,-0.24906129662732246,-0.3234355291234067,-0.021220648596156702,0.28290064015150185,-0.2275980147552871,0.3686631522842222,0.05250494602640911
Amygdala_R,0.5462245603221723,0.18034215332489326,-0.23433293171156697,0.49473705544435476,0.1855727820122683,0.3777834151571543,-0.10349743137072442,0.24752112286564443,0.05837025135035656,0.03592901041834828,-0.07314902525648151,0.21871731956265655,-0.016059438114701938,0.1401853935939085,-0.0851660898975842,0.5225362608887341,-0.3432576968707031,0.020527536662110296,0.22161703472547126,0.3124691647297087,0.6719857674715557,0.20678773792361924,-0.08362808600281242,0.35404146510084855,-0.20950350569100912,0.2474576772686265,0.06503371156623888,-0.17934836192599862,0.1831889943119437,0.060870685190244626,0.575872330870186,0.11982900201374656,-0.18762737429801485,0.17430796195506723,0.2575304493273279,0.5284599882296708,0.27921802364360593,-0.05237736110887312,0.2016808453068206,-0.1795974869186579,0.1626850355105074,0.004705349746196174,-0.028680056543620613,0.28277826884594776,0.43088422454480035,0.24424664601988383,0.28058960775144176,0.04279124131740992,0.20536755838855436,0.6805941217176817,-0.3259135453149499,-0.13381475249754482,-0.2607258837337135,-0.3134276722850387,0.4364186902005163,-0.17211349431478049,-0.22428544547871537,0.2052286387629531,0.34095525455806397,-0.39060244508760156,0.22944861967605462,0.37417702062843405,0.1983266723605979,0.4529606479364158,0.04807268926350985,-0.002396608978043051,0.36900694151846436,0.34601205605873325,0.2300577767203775,-0.15914805770929671,1.0,0.2947098911332533,0.31696651014234606,0.15983512948641476,0.33163733299992565,0.4531641610237603,0.3335403892268474,0.0755013803498694,0.45630542881593994,-0.1356937664533822,0.5535071856605941,0.015595539592117484,0.40015882281681925,0.006901880523007164,0.0585007428322427,-0.18197354900905555,0.31951902438932883,0.1665975766054918,-0.04921111475395596,-0.20578773172160314,0.03118729286689815,0.06386680260646732,0.2824309438164985,-0.00046450022743504553,-0.050642074397243796
Frontal_Mid_2_R,0.4760419356489588,-0.08457263350089106,-0.16838431669740558,0.1673853219996901,0.21979936901713193,0.14469911728732562,0.09833235950218043,0.07554556233233856,0.292288171411422,-0.09422733270496554,0.19040277352237803,0.1515522643924366,0.2853532576629296,0.08928665033782973,-0.12313331027196711,-0.15355513130665507,0.28661735102830643,-0.14983487040870774,0.12401749354127493,0.42489124434967973,0.33780771700373957,0.12844871526682583,-0.0558515836007268,0.5409664120253679,-0.23001372278290338,0.22027574784151047,0.18179514488153317,-0.16941096534718092,-0.3081372987338243,0.20491727612388488,0.2863479159812304,0.030928702026786197,0.11466316319034285,0.014380656033923125,0.5001669880001954,0.3068575092033161,0.11655523015220766,-0.233882989873152,0.1887025415293189,0.20654542060328387,0.2631509848266124,0.4535760667965928,-0.09902069344182801,0.4182073781893548,0.3678174416201685,0.6304729316630602,0.21014282689773167,-0.17644629003768678,0.02682728191579525,0.47617204357094517,0.07612923461071355,0.34252850603644097,0.28403596315891083,0.18984983910600323,0.4385272475531592,0.13744858262642323,0.23407319241012245,-0.12626116947142987,0.3878253118564642,0.14272423686534563,0.07801843453689022,0.26392475569335444,0.3857972228224036,0.31654758376703424,0.38107446951248597,0.029845670176895343,0.5063516970378364,0.2846263059170098,0.7199498348506896,0.16121714165050305,0.2947098911332533,1.0,0.23238249154507415,0.06609808433276747,0.40051370740622194,0.6320301325987067,0.3078325781539579,0.04842124067772762,0.21031481837115037,0.389541189142309,0.22580119066044332,0.2830034143580842,0.09975048687365413,-0.382834598465241,-0.08935392517609272,0.1639664525960556,0.2424407448502968,0.2721774518708877,-0.0014641245241165668,-0.19148237521106726,0.30400071280638596,0.40266355157809425,0.3331079891197487,0.38224866726689666,0.15648283433226848
ACC_sub_R,0.2952833221460765,0.39473113460807874,-0.23909099806705633,0.5410784750619201,0.44195866820045665,-0.19515275556116402,-0.607822910103448,0.4183124110893598,0.33989086980178107,-0.20012081268716203,-0.1037615447155491,-0.42658285744883706,0.09870830116035882,-0.3587952213296204,0.09035626748328093,-0.3767521718089155,0.12194109657767113,-0.41616638593921945,-0.20761021309839547,0.3758612269783901,0.1270441370254851,0.7011797695099962,0.23710190785760785,0.3212968898840752,-0.6422784504528566,-0.4996249610560949,-0.2836056281456516,-0.424306894218962,-0.1834369300660752,0.34758883730273565,0.30347079067045296,0.5897459931213285,-0.364187533697869,-0.24554562114129824,-0.15563250939083886,0.6097317644722751,-0.22155591138595776,0.08081186609147173,-0.27382335721509765,-0.5619434502927753,0.05435371626331085,-0.178927442015593,0.1399643236685599,0.5487669591776354,0.7706302860325794,0.12982318891315608,0.307279413074776,-0.20493007432592306,-0.0012824872872003277,0.32645155285720756,-0.3576856759783415,-0.0673247242475109,0.0475727625651008,-0.3410809494253255,0.46640935407677914,-0.13421054383065403,-0.2782168000526898,-0.13653346530774987,0.7835215027359484,-0.42571410393746145,-0.40786360388230464,0.04826247100597966,-0.14292538793243573,0.5728388928265269,-0.30184339809953387,-0.3377954776423529,0.2510724210780752,0.6393987783702473,0.28087199462770535,0.14539791068335162,0.31696651014234606,0.23238249154507415,1.0,0.262536774473891,0.13468217733187157,0.3560370878516253,0.33693885581330485,-0.6222012192412649,0.5485462137341579,0.42586763171811454,0.2252130936687299,-0.5117236090645597,0.20774020313569497,-0.22196010036215638,-0.12412289229633469,0.4517385916647977,0.6846667442163178,0.05609146464551246,-0.48330386090308547,-0.256994419788931,-0.4507113333368986,0.12036381494582632,0.0840028665897896,-0.04695137926727813,-0.3752059142536338
Thal_LGN_L,0.06720780675109098,0.5861232098824302,-0.17261708124427866,0.0931050506149169,0.04230203054140404,0.2563834382203254,0.09395158655072215,-0.06193518716055447,-0.05907563408427925,0.47627001564364885,0.13078854167246884,0.20406165995116715,0.04277002614105487,-0.0017116286606170545,0.38883676543853823,0.06531185170808418,-0.06224522455289201,0.12037533504293972,0.15618704293555713,0.0847703771514483,0.17908589149898022,-0.021179146772816636,0.604709655018544,-0.06538398907741272,0.02320500522660027,0.09138732885011099,0.3964418919909218,0.1398705749252995,-0.07236589762382328,0.24113221730992948,-0.2868974438500248,-0.015430544567439594,-0.04603092948745105,0.1769717745392226,0.09457587270454926,-0.03251751060015878,0.16853416959596204,0.14324677081267845,0.10083693986238133,0.018672887685204524,0.1576418708387572,0.17129312141846176,0.05636887995256173,-0.17796517328519257,0.28504601784373995,-0.11664361372521435,-0.03451435348511964,0.16780030777809524,0.15115329143482514,-0.007938910453303388,-0.0233641374252095,-0.1308219326189811,0.12477707751861433,0.058515010185504084,0.23006723233989704,0.006782245035059489,0.057584452348010524,0.25064739300012534,0.1709971628634298,-0.039854967954561504,0.1642341642101464,-0.056358500835455225,0.01570044530585174,-0.1095342753628486,0.05150265458397373,0.2655990139833895,0.0827451730968858,0.06371306678088284,0.19286474265382156,-0.027690636249189767,0.15983512948641476,0.06609808433276747,0.262536774473891,1.0,-0.023115823076983833,0.058449841370436344,-0.061485953149543415,0.09880091136596703,0.4007405214901249,-0.11343327330495788,0.2909218522872474,0.1137998524474977,0.07014102964664759,0.2644468428955677,0.3222740962454986,-0.07536499094605821,0.41062331211557573,0.3852579422316513,0.20931844927866977,0.08258597593025757,0.1369822892353686,-0.11498705375618634,-0.07184016308879487,-0.20694661421898333,0.16830052371495166
Rolandic_Oper_L,0.1085506217457284,-0.15065289140436305,-0.22773550654799393,-0.21674044164363263,-0.17188728358704292,0.29245457850396317,0.0511796554854009,-0.07445853851566785,-0.3539322483266789,-0.34526074652312994,-0.5099517818295166,0.18839322602239603,-0.03516334742083322,-0.12755208236643098,-0.2431251772521508,0.1368418105120467,0.31321023126319736,-0.616898387041834,0.6030467391630784,0.5667624431195166,0.09567557675360629,-0.16185038204871868,-0.15362150666971658,0.5332327492261227,-0.44220127736306236,0.09723881033832898,-0.04355580453081373,-0.1863909017889122,-0.25578487258889643,-0.12067262914036253,0.2666447535506939,-0.27387225373996493,0.5251653469150659,0.47675307688591306,0.5054385194026269,-0.0980334956966154,0.10725213242225468,-0.3223302020250113,0.0497575597130675,-0.013921892455420044,0.4456806964239522,-0.10219181772744229,-0.20265162030764922,0.18513846880070614,0.16778536903713986,0.6755180347894402,0.3093771209649606,-0.36736126571026284,-0.5674907355425262,0.09584788031433236,-0.4927329355787766,0.6914319481254211,0.06711644087948798,0.28342129289051143,0.007541180074685979,0.5519826890645748,0.5081401899087489,-0.2707743526787732,0.13591940836564922,-0.019090409268589594,0.2165936781289101,-0.10993280660128414,0.7261921915195971,0.19480259780122572,0.5650111382151015,0.19451678508780296,0.38482586647509015,0.26358362924542406,0.6794124329593799,0.2704502766099274,0.33163733299992565,0.40051370740622194,0.13468217733187157,-0.023115823076983833,1.0,-0.01650453123682357,0.6402172065978299,-0.018387144262116,0.2858627493208253,0.2785270038316762,0.2841278005513328,0.24119581003799914,-0.3314804097148711,-0.3288699143487006,-0.09501954066854375,0.34255351757311514,0.35453965570114104,0.10330117265974988,-0.019353690735566653,-0.353656036264226,0.17226817238102243,0.7830283072611263,0.06791548081301038,0.5377115632563982,0.23349748871727002
Frontal_Sup_2_R,0.6806734619943808,-0.01587845281648048,-0.048746183948552554,0.6857612553718254,0.4889864388223525,0.017386905616650485,-0.15370587528550747,0.42549714884164647,0.7392187356201128,-0.041456549842492,0.36722591595158666,0.0021595544118812406,0.26518029525826486,0.19430497856771578,0.08110380723300942,0.017428859256110138,-0.06752627949327578,0.2622359131579876,-0.31188285894301926,0.20013894878710878,0.6197084721527316,0.5180431852537187,-0.00018795598158688806,0.3839771558049399,-0.10176817644337563,0.10785731506316815,0.13561971827207975,-0.23476255282139122,0.0481888997270361,0.3054134275226273,0.4979845603690352,0.42350014389857127,-0.38512154330640325,-0.26099430984424793,0.17211344189210806,0.7051580433368584,0.18855173262194005,0.009785147678865133,0.24203043936105556,-0.018058770202667895,0.06828844189737153,0.42076880968540076,0.2843274380171226,0.4494920616499975,0.4619536358979241,0.30582526138928884,0.1888005101292546,0.1588269944225452,0.4749795601405054,0.7377765225017405,0.10655277045718817,-0.24105182190603383,0.038483258287654656,-0.2734346011835622,0.6383031064559093,-0.34947368029993753,-0.3759604935281603,0.1613298856227039,0.4617066968514297,-0.15575515141280083,-0.06257766481964981,0.6017783174058119,-0.04695185214207489,0.5536635199443342,-0.1321637960680713,-0.22675821761435666,0.5205870659045314,0.3545818609298983,0.26254118709727403,-0.10720124059446401,0.4531641610237603,0.6320301325987067,0.3560370878516253,0.058449841370436344,-0.01650453123682357,1.0,0.09642106171055248,-0.009517689305355731,0.2197480881081983,0.13126926655162102,0.23348559215239947,-0.10547122749131563,0.6153611616203262,-0.18722765879185996,0.060496332231477545,-0.19693555474346053,0.10265680153368176,0.04156348809077257,-0.17609921633280104,-0.07600167721470336,-0.06599172801939848,-0.0034009194144836268,0.4491461128555073,0.07000010939066498,-0.192066727235425
Heschl_L,0.18480882718948013,-0.1528532393067576,-0.21236708320958542,0.09712112778537896,0.1850240679697728,-0.04769466831448626,-0.28332866075411134,0.1467652081470737,-0.10367867836917448,-0.37035213580134796,-0.3977178101203348,-0.1644598322157612,0.0653539209276807,-0.19433056563959067,0.020307551537199202,-0.005570711104377769,0.19991711778828528,-0.5206447300702969,0.2719394449941168,0.38913479753949937,0.07689542064727613,0.2476832109125023,-0.21940130800698274,0.539588717013484,-0.4835914246977684,-0.13883251345166212,-0.3156270856702424,-0.45313949176216367,-0.3008424806825127,-0.08195019402931428,0.3572274686885681,0.053203015952835074,0.13323882571502668,0.19782358863915975,0.12671024858753197,0.14857642154641115,-0.06385207237406305,-0.3596099412990596,-0.013900253256778947,-0.2343571754086772,0.11487096804328298,-0.16574974447661348,0.04036384506575442,0.4045105964896334,0.3648690209525494,0.38170027455760536,0.508096682489549,-0.33313628796423295,-0.31083069364411325,0.21895567385620648,-0.387447648416138,0.3154544522415557,-0.12902839653237164,-0.013851846323799396,0.11256372374218061,0.41063381456346026,0.21248907098979808,-0.27035355519599286,0.43483637161343547,-0.23144989091206977,-0.03867239965197252,-0.05683561003121924,0.3400608906534364,0.5208637122551716,0.15701320001675706,0.01605604411931542,0.33587691741535847,0.2524664786423552,0.39101408694621603,0.2867061264342547,0.3335403892268474,0.3078325781539579,0.33693885581330485,-0.061485953149543415,0.6402172065978299,0.09642106171055248,1.0,-0.2991524888698305,0.19230767422516237,0.18908853136502238,0.14503310172233513,-0.1477654167747142,-0.05548238157390326,-0.3815616572738992,-0.25444957192938167,0.30469396382158653,0.30972198955724123,-0.10342271522868947,-0.32843201188864946,-0.4828538281387672,-0.20983151780990197,0.49848413134432834,-0.09048275379516832,0.26256615946225254,-0.16128238701094233
Cuneus_R,0.026176788075590936,-0.03111630620692946,0.2926878108996204,-0.3684444376341831,-0.45094784310551467,0.5420333754636787,0.864540939381145,-0.43060609200126077,-0.13713014391264883,0.43472772017048766,0.29265950162575494,0.7153343550216489,0.056387081280846234,0.4853896899281401,-0.013656405350822024,0.57586245957739,-0.20440194721889296,0.5959173742200734,0.33394315618172016,-0.11329160709022047,0.35094392946997705,-0.6825487110847248,0.2629361752228159,-0.24408112144741467,0.7353471557840737,0.8544924214366896,0.7121858224681805,0.5226454213746267,0.28441907233307134,0.01480223703460851,-0.2203948612623253,-0.5345138910254607,0.41038404411029783,0.34914709437749397,0.5109134416229345,-0.31509114602990534,0.5788825062853531,-0.012885376078017654,0.3108264716061332,0.7734018132450354,0.09147076793124287,0.48110279168983905,-0.19869878895418386,-0.5658123665378264,-0.45227670419612387,0.1001808563269051,-0.3762666228985462,0.46991234588087066,0.1674385205025969,0.0452481486753452,0.3471794233602742,0.016967593831708025,0.2792090057880949,0.4909745937556081,-0.16327664548407936,-0.029016888328433247,0.2779808559765238,0.4739378150257277,-0.6827730330917281,0.54497665028556,0.6457614026257243,0.16149988416749317,0.3871630187569068,-0.4909523628739481,0.5467178269078063,0.45578547067249126,-0.021718142446552586,-0.4553555209766896,0.0328252996506909,-0.19176753148094672,0.0755013803498694,0.04842124067772762,-0.6222012192412649,0.09880091136596703,-0.018387144262116,-0.009517689305355731,-0.2991524888698305,1.0,-0.023475615299794122,-0.34176309665705645,0.13570395886184453,0.8335011422078122,0.00364753546498142,0.26182630868111334,0.33292233381547587,-0.573502840317021,-0.2708075172840206,0.3997355396574516,0.6851307822867189,0.32600003307649145,0.7372542976321371,0.03207310501574608,0.2038250763315073,0.08015059852181801,0.7504195702412193
Thal_AV_L,0.24622621182927032,0.5516010336141572,-0.31222851628953724,0.23076737033410052,0.13065414749342455,0.4405725200539392,-0.13138736083687014,0.10123402075063777,-0.0025093627688053716,0.14408455989531616,-0.1847744463561425,0.13137570342882143,0.08591792731287096,-0.015433016887034563,0.1584182166388012,0.1396807790301332,-0.007079813657349939,-0.22805249598035765,0.2021595173487013,0.4147865145273197,0.30886473049722,0.16620198270058206,0.39362490964323854,0.24525764351058088,-0.3212210486786797,0.027039543985254596,0.134433737650291,-0.05252315860600905,0.02317820696722557,0.2527919625161573,0.2559445241680135,0.2151291017360687,0.022952210127560137,0.1884268992606117,0.26425202709741036,0.3572646826164134,0.13178571662374955,0.13611908230054906,-0.006093906375908486,-0.23433820743717684,0.2525699924186938,-0.09193707227738207,-0.15029919244933018,0.13718609030603499,0.5802482478420518,0.23648772536793108,0.16024878089292688,-0.12390960523539728,-0.08121419684669334,0.23491416967193868,-0.41667246794258056,0.04185409706511264,0.10790641831180521,-0.04472563698447446,0.35725968822176174,-0.0020130441050157316,0.021017073100641468,0.01448086364440571,0.3702107550325712,-0.26725631161050883,0.08961175362804491,0.14034454048244283,0.25362207226623956,0.16371807148175424,0.17320300737631422,0.18166277758341026,0.23352912805205348,0.46220068772630246,0.35732772259976486,0.011238167039769159,0.45630542881593994,0.21031481837115037,0.5485462137341579,0.4007405214901249,0.2858627493208253,0.2197480881081983,0.19230767422516237,-0.023475615299794122,1.0,0.1846275291524307,0.42797717706812743,0.03687266317980708,0.038188224892082394,0.12393076295001895,0.11560751655373545,0.11242526410465135,0.7380066241716308,0.36810135011136075,0.023482038330553814,-0.1656115881188266,0.022834299571301293,0.18379044808764913,0.1622030554169183,-0.09433487471878234,0.17971721682721695
OFClat_L,-0.11809169038570203,0.08990789580371454,-0.27064868393864877,-0.05191625271546081,0.11641190294700267,0.029975803721001424,-0.14330852571237793,0.17782650797302518,0.22373853485109893,-0.386085183982137,-0.2685035380633823,-0.11920880452556169,0.10492258046039911,-0.3087238329708974,-0.2836798477036508,-0.516514179284462,0.49757773047120263,-0.5454712370473309,-0.06348140788324663,0.4691120547812863,-0.14446999652036746,0.2346511162720825,-0.04610284471924507,0.23482655400392105,-0.5368628460333809,-0.2877693480811621,-0.18021794047128495,-0.025608143568191626,-0.3316833287298843,0.238150490112713,0.18524335296443054,0.12835160022526534,0.22137595827078627,-0.21551261074733483,0.29327570415239484,0.18259285650997886,-0.24415205502140802,0.2661530489098299,-0.18793090540160268,-0.16940728349320985,0.13668602187592835,0.024409562108535912,-0.031570696847651285,0.3493494547026664,0.24528768586910085,0.4617664301093358,0.04515370948363215,-0.3812965488154679,-0.47206420982260583,0.025023303991868882,-0.23512324872792353,0.5357303623568186,0.24730902579739394,0.1760229327633862,0.1344206337735099,0.0870611342510213,0.12864828176116075,-0.37692895078865396,0.38962492930043274,0.09791484661683818,-0.2634775442682469,-0.24636309504981097,0.31997836140208913,0.10987341684870547,0.2553536206097703,-0.2158892598305773,0.15949829608047192,0.5088498119693737,0.47774464836404096,0.015037395553463036,-0.1356937664533822,0.389541189142309,0.42586763171811454,-0.11343327330495788,0.2785270038316762,0.13126926655162102,0.18908853136502238,-0.34176309665705645,0.1846275291524307,1.0,0.15711413142591968,-0.0051897421226410785,-0.3710796730045443,-0.23996948242731755,-0.3661478895689573,0.7013111886158582,0.24140592845662837,0.3199589793481917,-0.12755992794003707,-0.08152004175366236,0.01942788780589379,0.5529969788943705,0.32308788826627177,0.18950488520762113,0.0016842076104186378
Thal_IL_L,0.3940255142884122,0.429118777987511,-0.3169740402147676,0.2597897500714815,0.10666196539026505,0.5457517849661409,0.1683936763200798,0.26950646834830644,-0.01978371512927816,-0.12501023918848028,-0.028763247468449497,0.17812400581609558,-0.2316185589951949,0.10866759105118305,-0.27989751366702176,0.3183293462366902,-0.008970715764690046,-0.010338505934912378,0.11895151344313674,0.19379859312208284,0.40661032790967266,0.022850830728273656,0.0628302859006382,0.20130855939908446,-0.1771121284630504,0.15363877990249702,0.17091936726573767,-0.04141427902545241,0.020260965745571666,0.1593195086127854,0.3015320494035964,-0.19977119369361102,0.058860662661258153,0.20256215129864788,0.378868922630508,0.30221695948167354,0.0007269873483171426,0.38088276461849774,0.4550158327559575,-0.1849993077085492,0.5248418575147784,0.13753552499080374,-0.013299598471328259,-0.02051840968367777,0.12522434866487242,0.3736139799087744,0.08499537947567484,0.06761968110970613,0.09394011037409512,0.29570190882795966,-0.15511716189043234,0.14700974903717937,-0.19797662530816978,-0.02781803148448493,0.4059883812096022,-0.15558323748891242,-0.10071544948805157,0.20962062724671163,0.2120620289199792,-0.018812807494802217,-0.00867587066555802,0.12112913050102302,0.25931457310447614,0.13872921519235548,0.13520043581905775,0.03963644045818101,0.09598279866376475,0.3412100004974355,0.3690726500719042,-0.43892836125240475,0.5535071856605941,0.22580119066044332,0.2252130936687299,0.2909218522872474,0.2841278005513328,0.23348559215239947,0.14503310172233513,0.13570395886184453,0.42797717706812743,0.15711413142591968,1.0,0.1505803966981889,0.058474432749201964,0.3455958606771769,-0.002260566447538846,0.02353456367566618,0.20388537214951494,0.25196113882644705,0.04136811683135348,-0.07862967125495438,0.09421306827660694,0.21981339223954716,0.3283115534564823,-0.03732852309549447,0.04027319510334415
Occipital_Mid_L,-0.13128631545196684,-0.04058303187493168,0.09417530431499586,-0.5811898705585901,-0.489387222989901,0.6212463451413922,0.8193589337880292,-0.5324440672566094,-0.307399610537206,0.3292689831692746,0.06061193986054254,0.7316870121222798,0.16217532625513822,0.277526737464668,-0.13630383398284887,0.3188517524717382,0.09070687681226593,0.1940093977560887,0.4888860198845224,0.19869428767434072,0.18238246797817803,-0.7602919559797533,0.20035195527022454,-0.042466368510099675,0.41010031771225325,0.7455509604141686,0.6051701768598748,0.4992525273447136,-0.010152265307184927,0.050686539075866316,-0.22858806835910817,-0.609557238852487,0.6865273256347814,0.3302220217328553,0.7300371102195929,-0.4163267354668447,0.45279717073147735,-0.05460183096168395,0.17080855666386074,0.7275823774509581,0.16154284952651832,0.4559151582644646,-0.33433705764032107,-0.4004211401983376,-0.32385047634309344,0.30177649494135356,-0.29410226750149554,0.11742625017278557,-0.22211987994126853,-0.04859228734738961,0.16900169332840714,0.3583141926685,0.3976192621223934,0.6998250681132441,-0.20820902825214296,0.25606234895636254,0.5922628703526859,0.1413945880535588,-0.5698690568300064,0.6046206359124001,0.6686492653149316,-0.10729321231700778,0.6710092792182766,-0.5386454912047136,0.8470641074125166,0.4691541354871855,0.07460835553653564,-0.2819193412672099,0.39205725396127117,0.011943209246689873,0.015595539592117484,0.2830034143580842,-0.5117236090645597,0.1137998524474977,0.24119581003799914,-0.10547122749131563,-0.1477654167747142,0.8335011422078122,0.03687266317980708,-0.0051897421226410785,0.1505803966981889,1.0,-0.32513022896044724,0.0647086654206029,0.08282994038705459,-0.23304679111867768,-0.07441781708162037,0.5261425486751286,0.678475969686507,0.18741735831168557,0.9004105798416359,0.3627407008655759,0.2486627039231973,0.27278379935563823,0.8771843302266642
Temporal_Sup_R,0.7230874688000141,-0.0669359740599369,0.23443604959067846,0.8062513866730693,0.4423197759707835,-0.2150922526963654,-0.23226696801567245,0.4003042999559006,0.5598939649111269,0.07824781680834021,0.49277709250952295,-0.072590929881491,0.21598624014942552,0.2153139233945867,0.054082118085259395,0.23454210923229799,-0.4342248093451502,0.5577610442721608,-0.44952022611474174,-0.13506315386984946,0.600620569166329,0.5079950221345125,0.05562223579414799,0.0877263414318622,0.21599479356663323,0.1724508636965558,0.15219155591784633,-0.24486376646450916,0.38025795006159147,0.32921026995112507,0.3118781884258404,0.4295286914835467,-0.7669925689688596,-0.35186523519867013,-0.2076592685479749,0.6083734664507285,0.3232482884855373,-0.022325490276098692,0.15691093017143706,-0.009914625012231148,-0.10610218566617434,0.2836567963451617,0.3309549661246166,0.2598162415335036,0.3563082359501476,-0.217082750013755,0.12435016299119456,0.5332499703162116,0.799248502747929,0.6545279252402809,0.1653512171064183,-0.5869934808931727,-0.11800935132683403,-0.6252987319715326,0.5519010565794148,-0.6525832993070433,-0.7288787675851325,0.4419557406939217,0.3136919845324951,-0.36112920420510813,-0.027780037351306075,0.6317889938995105,-0.45742632517164433,0.5462673946132377,-0.5428797958578255,-0.29120128080680435,0.31848328075441684,0.10732240509978726,-0.23501794287078362,-0.06350925263609837,0.40015882281681925,0.09975048687365413,0.20774020313569497,0.07014102964664759,-0.3314804097148711,0.6153611616203262,-0.05548238157390326,0.00364753546498142,0.038188224892082394,-0.3710796730045443,0.058474432749201964,-0.32513022896044724,1.0,-0.03686024894814532,0.2803197513484526,-0.39758014433254407,0.021126838648804335,-0.21878093341217736,-0.22146828001676466,0.09476187324871442,-0.2369270507915888,-0.4273788356257687,0.26980921003418884,-0.10150098936426817,-0.35877652298565343
N_Acc_R,-0.01811152326707942,0.5887691764246296,-0.10557951512002912,0.025792108899004008,0.028752729429114623,0.4630536812381762,0.22735749502343622,0.22065376537345377,-0.14910194507449478,0.2666627709284199,0.10419802598867531,0.07936310090278871,-0.14102492343841433,0.08298971630228028,0.18740319697000998,0.2596770359390421,-0.13151992929229117,0.3637479702033149,-0.09987720886573732,-0.30304844742276726,-0.0401929931908262,-0.12912575260684472,0.2777321190755481,-0.3016392653358771,0.2844932252259005,0.06476645218050082,0.16574808481252679,0.21214535926544087,0.19447161093708124,0.04728120269158135,-0.11753708580637437,-0.10909118140130301,-0.013845754656577901,0.032241487241876844,-0.02490611077023056,-0.022959920108218526,-0.10475184113499789,0.637477589511949,0.4011012630395929,-0.09923036228731524,0.09240070554631225,0.04995355745045842,0.018711551396463348,-0.4202837056782939,-0.23229722678726888,-0.2506683843518062,-0.29480332926791597,0.17927513023473968,0.2549395300207212,-0.2868271675022836,0.1389535122580608,-0.17622490267443783,-0.19517942588167345,-0.01038699362505517,9.427927900506494e-05,-0.17923953554558866,-0.11968920784708408,0.25875732062733986,-0.20184323955847908,0.07923349324840898,-0.07447817757612199,0.10429041362189143,-0.19633711370117327,-0.35709269036915586,-0.15116552058371122,0.08691143022873526,-0.3282755294196962,-0.036801603168000505,-0.3168825324672941,-0.5670313172781976,0.006901880523007164,-0.382834598465241,-0.22196010036215638,0.2644468428955677,-0.3288699143487006,-0.18722765879185996,-0.3815616572738992,0.26182630868111334,0.12393076295001895,-0.23996948242731755,0.3455958606771769,0.0647086654206029,-0.03686024894814532,1.0,0.18312501846336973,-0.2276643590120156,-0.1316179542588185,0.09857674520319706,0.16528755569845488,0.11576042242209932,0.037588370357205345,-0.34691783904588563,0.06865279578298965,-0.6396445874834029,0.06967051294944322
Thal_PuI_L,0.12774696417627032,0.09626703556883487,0.2281325878128817,0.07855616378319312,-0.1269386746363739,0.0894147146264544,0.2356578931036784,0.007680522059837514,0.13507360286989276,0.3269687319288866,0.29538560590615975,0.2336668762800086,-0.09142517607310192,0.15427154424167597,0.23027593291942908,0.2889719063268891,-0.17815395588657731,0.39917237790699733,0.13097665214351173,-0.14731724910930544,0.20564739975686183,-0.14892409661953834,0.40860072025262206,-0.2038987103464647,0.37201334734855895,0.28156714932010474,0.5023608627798228,0.18874323743724047,0.2455417658222657,0.12420620349833325,-0.19383640233444735,-0.024191203620687142,-0.09476206267560658,0.21190485435734369,-0.059573373423925116,-0.09633797996848932,0.3938832926017302,0.017087995987762554,0.1300391586358297,0.3226393068086414,0.2089020870349521,0.25237497421708016,0.09526091082569038,-0.3089216287374171,-0.06429543682355163,-0.08369871995822162,-0.19598993779150145,0.5687355664722877,0.2956274161431643,0.05053320615615429,0.18182671121214927,-0.2022574970541076,0.19148970718034478,0.031189365602483365,0.06935649110281995,-0.13714819356219043,-0.08566819188205196,0.4194289007372711,-0.2191252321025156,0.10927687809595805,0.22477526299804534,0.2609472765225105,-0.08902474589679914,-0.07223647743463331,-0.09503485381682385,0.17746223155966925,0.04837039515116596,-0.17746855360052638,-0.1264276679633091,-0.02594599355399206,0.0585007428322427,-0.08935392517609272,-0.12412289229633469,0.3222740962454986,-0.09501954066854375,0.060496332231477545,-0.25444957192938167,0.33292233381547587,0.11560751655373545,-0.3661478895689573,-0.002260566447538846,0.08282994038705459,0.2803197513484526,0.18312501846336973,1.0,-0.3030807228143865,0.024114568913343244,0.11390269162418307,0.23772943323400925,0.30014883613960053,0.04543842316367877,-0.19100829173715642,-0.049725044962748335,-0.10884787561738321,0.1770199909737633
OFCant_R,-0.24037343831250071,0.09601586054924893,-0.32237605923682205,-0.1213730150542881,0.14849329848568132,-0.22019268967456523,-0.3466303346387051,0.1500759414138404,-0.10110209170529043,-0.4255801618273466,-0.425037805376371,-0.37404592739077014,0.0658431373597749,-0.5035227897098363,-0.19198009914754743,-0.5884368636123349,0.5659714395950776,-0.6771341012838656,-0.022292130242640533,0.4352864949747618,-0.5140379073616941,0.2744575194996944,-0.04270215682420405,0.2653063409723262,-0.6542861398270794,-0.4897543732472827,-0.35932401155349347,-0.3325388970468186,-0.3813606186152855,0.12936688217740536,0.061206407626040966,0.0876011464683182,0.1747293106136632,-0.20452177870211652,0.013080940699037855,-0.030776141277516513,-0.41012568558765716,0.11562060717621159,-0.2374388863270635,-0.3782918397381909,0.12633096680757844,-0.21447863412745047,0.06878859250792695,0.37824974737850836,0.2527097646627769,0.1716541419153458,0.262275215044483,-0.4567964895439769,-0.5604800483372661,-0.2876968084515693,-0.3415714332689255,0.5615127579930572,0.07464885666801066,0.07226372711834679,-0.02251736478689697,0.33086011672017634,0.2032517158057243,-0.5173069821925064,0.44630642402644044,-0.10564302575662705,-0.39929612326708297,-0.32085989400102016,0.1361468718054012,0.2442577651311054,0.02955664784094738,-0.26683466803336386,0.0835425013391746,0.45620758270904865,0.35733227108202115,0.27092165236225,-0.18197354900905555,0.1639664525960556,0.4517385916647977,-0.07536499094605821,0.34255351757311514,-0.19693555474346053,0.30469396382158653,-0.573502840317021,0.11242526410465135,0.7013111886158582,0.02353456367566618,-0.23304679111867768,-0.39758014433254407,-0.2276643590120156,-0.3030807228143865,1.0,0.36035439059984004,0.01655943662528966,-0.4120665088294755,-0.32282916716085863,-0.22057925670763096,0.4194332706813617,-0.10066919053252775,0.1581520518030855,-0.24037652524410968
Thal_MDl_L,0.15888132867498642,0.41404419187552965,-0.22554347709737357,0.19133530064702858,0.15082648959459935,0.20216595294772166,-0.3030059969661438,0.09693081750520853,-0.06609617013072634,0.09961434990436488,-0.23595259731405813,0.011285163070203516,0.1889316192957708,-0.23062995320727703,0.10206035807746182,-0.14271453665343412,0.12935081846249427,-0.4455743993905269,0.20015030513963877,0.5124176104061525,0.11523902536086647,0.25727801379235943,0.4630359125657462,0.3733696688942139,-0.4997792594785549,-0.1167338820369857,0.026202602798839906,-0.1737358958941625,-0.2294071920639953,0.2892688929382272,0.1362209187146507,0.2619063313777745,-0.022824237425963803,0.09064037413778933,0.17593169536324896,0.28054389549024533,0.14230643997676587,-0.0668851689769876,-0.18394261341250925,-0.26030482772581875,0.23653651493975006,-0.13490784561374083,-0.11817954534374189,0.32243314606598866,0.7414236800641878,0.19037602406611243,0.26573518149380776,-0.2200767142909216,-0.21090855678755202,0.12422284833527455,-0.4833881530522252,0.09064729269220151,0.28289565353706086,-0.0670197835570259,0.37227658246496104,0.10300170808440029,0.07718110058249189,-0.11423957162836756,0.4955063673006876,-0.3149908243670503,0.0511249972908015,-0.05903422892904166,0.23550777471399056,0.2894540121908449,0.12361179650360586,0.040185282560211484,0.3575156446144408,0.4942491131251981,0.47918404488050503,0.3884634802214313,0.31951902438932883,0.2424407448502968,0.6846667442163178,0.41062331211557573,0.35453965570114104,0.10265680153368176,0.30972198955724123,-0.2708075172840206,0.7380066241716308,0.24140592845662837,0.20388537214951494,-0.07441781708162037,0.021126838648804335,-0.1316179542588185,0.024114568913343244,0.36035439059984004,1.0,0.24261688764338085,-0.11114541281309305,-0.18377363876113892,-0.04638701191908302,0.2835255420301185,0.0328890740067991,0.08895250620412451,0.09787712795842568
Frontal_Inf_Orb_2_L,-0.15604474102136542,0.43801347821429526,-0.08475537033940174,-0.2106128265670588,-0.3204604122405861,0.5338558058625009,0.38605590338340107,-0.411893086608597,-0.021532587071504707,0.4476288501737806,-0.04895711593445447,0.6339534833530523,0.07244573506129524,0.1604796716385882,0.057573855334444,0.21780234200426268,-0.14946010138154223,0.014527260320957582,0.45680367102320457,0.18338123477645718,0.32496671292014107,-0.3271407842227682,0.4144150376304361,-0.18032674574748964,0.13657747966919842,0.3965881435020606,0.5851993649058991,0.6088913313521068,0.05628280659163251,0.210842046496267,-0.13765556515399416,-0.23558703227713493,0.32091066083521347,0.2538475321761188,0.5089668335231669,-0.07157149152724517,0.38283667062798116,0.1667895103580626,-0.0031641972308436087,0.3426565561994308,0.06037637346448106,0.14930110306481226,-0.2761140309414728,-0.24184284937355158,0.05660357914968454,0.23911902880845645,-0.29518487364820517,0.06910578730853553,-0.17329687918559974,0.1097773037128597,-0.14515589509216115,0.1697478278626898,0.395573547917367,0.29289890017642045,0.026438563663954834,-0.03054991053850983,0.19961768132969787,0.24073834689457788,-0.06638201130691439,0.14343227340797726,0.5199613753346471,-0.08256743123158986,0.4328510039588431,-0.4145941082994044,0.5437858772207743,0.35957433048938164,0.03384065882071454,0.11493369114121559,0.2947323512688384,-0.2736792873136206,0.1665975766054918,0.2721774518708877,0.05609146464551246,0.3852579422316513,0.10330117265974988,0.04156348809077257,-0.10342271522868947,0.3997355396574516,0.36810135011136075,0.3199589793481917,0.25196113882644705,0.5261425486751286,-0.21878093341217736,0.09857674520319706,0.11390269162418307,0.01655943662528966,0.24261688764338085,1.0,0.6242896122220728,0.3184164357438684,0.5935375176871681,0.20060855441461678,0.23161174223196293,0.04439215414585009,0.6322794186545386
Vermis_10,-0.25835000033006494,0.07656002336197108,0.18821865774941524,-0.4156944081342388,-0.6177969745839714,0.5423551501751019,0.6132497534821618,-0.5526837447288215,-0.19047331494169442,0.5864641967179168,0.06285459726985075,0.882884454423667,-0.11505950583073168,0.4063876135899171,-0.062694481360297,0.4643597838616479,-0.2877677850801347,0.2849865128197789,0.5199614507781978,-0.18545036138016982,0.28184130715313244,-0.7238512402936438,0.22010628933834886,-0.40721441017856397,0.5266089618573202,0.652116025024273,0.6836373516769009,0.9084145299263063,0.23916556233938324,-0.1604338350432107,-0.3416477861959311,-0.522514445159008,0.33570622108605797,0.478000856293557,0.44183712631217553,-0.40702231239089837,0.6420273214577618,-0.051898444822724724,0.1301316849552965,0.6361381593128245,0.08106387409330951,0.15689818242795486,-0.43455509357878136,-0.5993630177540258,-0.3644079461890717,0.14129016444336265,-0.522873623171277,0.22990572481264557,-0.05119567821352345,-0.07212726620089954,0.059440269015283105,-0.0021634268853049877,0.30352455964328895,0.3346589841531037,-0.1696293951908744,-0.10176081560551088,0.19083622778960166,0.3483153621517878,-0.5697194765355968,0.30002513325092744,0.7485596083451599,-0.10870742920229932,0.4246412476039377,-0.7304800115954956,0.5627969802908969,0.6323093809178233,-0.04805384184900428,-0.386848925210878,0.050056368774398376,-0.24906129662732246,-0.04921111475395596,-0.0014641245241165668,-0.48330386090308547,0.20931844927866977,-0.019353690735566653,-0.17609921633280104,-0.32843201188864946,0.6851307822867189,0.023482038330553814,-0.12755992794003707,0.04136811683135348,0.678475969686507,-0.22146828001676466,0.16528755569845488,0.23772943323400925,-0.4120665088294755,-0.11114541281309305,0.6242896122220728,1.0,0.6476894378824627,0.7269420550528535,0.04175749659377785,0.06224801965124855,0.16586903292559033,0.7295388485703639
Cerebellum_8_R,-0.17698941508716784,-0.013200357897288866,0.49326722911924614,-0.07318219203774456,-0.4241389428485579,0.025842955497292843,0.36006325526130567,-0.21804437633307808,0.17404807502088596,0.3103726200559005,0.35334122620659897,0.45691236829304327,-0.3218544125473393,0.31116918046327047,-0.18846339768989184,0.21422056226868555,-0.3803479602383778,0.42828268473857173,0.09697059052439351,-0.5297527293504012,0.21475532131426672,-0.325191481376298,0.23728144949247748,-0.6309467723864829,0.5076816285297762,0.2581334722922343,0.44517137194713124,0.7781667587678635,0.3258641531833779,-0.007180939720731175,-0.3890157844561971,-0.21907544850713376,-0.13731194350891404,0.16690386325754536,-0.0857027283946779,-0.21408144759486408,0.46840680383812044,0.038192733384008574,-0.060820057772474456,0.41939988451005444,0.01011407098448751,0.08362375811823555,-0.1680955476495503,-0.49908993928292245,-0.3526842343806628,-0.01242449696167238,-0.5912287582595559,0.501135917002316,0.2790668912083718,-0.056203845948163696,0.247740663743233,-0.31394544986449935,0.3169362406012426,-0.028545305908149396,-0.06561254556394483,-0.5313150647361901,-0.3067947156388874,0.5280695936662264,-0.4146221843419153,0.20470787959726397,0.3595228178384815,-0.04346507971465193,-0.11097106538702695,-0.5269706096442462,-0.022134191682877183,0.1584498077454804,-0.11886025276938258,-0.36126910460151623,-0.2278661349885024,-0.3234355291234067,-0.20578773172160314,-0.19148237521106726,-0.256994419788931,0.08258597593025757,-0.353656036264226,-0.07600167721470336,-0.4828538281387672,0.32600003307649145,-0.1656115881188266,-0.08152004175366236,-0.07862967125495438,0.18741735831168557,0.09476187324871442,0.11576042242209932,0.30014883613960053,-0.32282916716085863,-0.18377363876113892,0.3184164357438684,0.6476894378824627,1.0,0.2776931436496568,-0.21332481532342776,-0.002367977458290196,0.054170195006205915,0.30345564077780174
Occipital_Inf_L,-0.10491506905268896,-0.00460236827902602,0.05690885304905313,-0.4760135095937439,-0.4763251552405141,0.5865820969551184,0.6739607103198874,-0.5526971011180827,-0.2992431100230296,0.39180482361936236,0.05044327778843105,0.7796183947408947,0.19473610494023286,0.20051658190582197,-0.20382044564133767,0.2827096329197907,-0.05283709854951191,0.18380326678182143,0.4454718147141434,0.1893179401283746,0.24832995117529633,-0.7037231853298958,0.12711830874358773,-0.07382068869453542,0.37289730980842545,0.7547942764993731,0.6513252812503623,0.5863399289795065,0.07203393605074346,0.07655231598758774,-0.21078485088809631,-0.5435713121465927,0.5160323241412642,0.22290445539656564,0.7394327907140738,-0.34650172175701105,0.4885885985584162,-0.0615684518135751,0.09754354951228761,0.7063871776894272,0.10044851502888406,0.4046059065745194,-0.35448146158743704,-0.31854964080944786,-0.2323952060302391,0.2570963632012862,-0.3476042335038315,0.09112887491248094,-0.16991196463966327,0.014670120631840991,0.08889836691374084,0.2973120128848906,0.35149138469398655,0.4928701804749678,-0.11282611651717243,0.1077760196676995,0.43522587963615983,0.12569665652808462,-0.4712176071202272,0.4215035666743754,0.6819637631038957,-0.06721074542340714,0.6074305796067432,-0.5530688011608629,0.7700984144236088,0.43558205327909394,0.11122659932838386,-0.2107836339024713,0.35131257110942815,-0.021220648596156702,0.03118729286689815,0.30400071280638596,-0.4507113333368986,0.1369822892353686,0.17226817238102243,-0.06599172801939848,-0.20983151780990197,0.7372542976321371,0.022834299571301293,0.01942788780589379,0.09421306827660694,0.9004105798416359,-0.2369270507915888,0.037588370357205345,0.04543842316367877,-0.22057925670763096,-0.04638701191908302,0.5935375176871681,0.7269420550528535,0.2776931436496568,1.0,0.25861393445272424,0.2784249706735809,0.28353169610604717,0.8091562911706545
Temporal_Sup_L,-0.03988864136764259,-0.19885243611174333,-0.09878316450697532,-0.34373118937318203,-0.23232109473836837,0.29988023904021677,0.16819010184549685,-0.052532264134737335,-0.19511043444540865,-0.4470921199505537,-0.3838635595157095,0.17795254348765585,0.056158660974443525,-0.20683321225055562,-0.38804316961186697,-0.1176537083905705,0.5298925142332508,-0.5981409280396889,0.39773354264190175,0.5680935032890719,0.019852740393376898,-0.18593059829466388,-0.011893456168742591,0.4322416996385113,-0.4149401230763034,0.06998883389537269,0.014671765484885864,-0.0663201931532989,-0.35700262622495316,0.13221415779824888,0.11368051852982251,-0.3052141570992631,0.6711757358602043,0.23015853402605566,0.6135601632539033,-0.13607695149501225,0.09210417182273731,-0.10914366810079829,-0.08958005194477447,0.16901473633443415,0.43248907913581497,0.07567486836997053,-0.0838133167045376,0.12781470275303392,0.061397210173636765,0.690730877235187,0.13000974788677802,-0.28434478349453257,-0.6680760363035733,0.009393204424065894,-0.36991280409239297,0.7760868156924153,0.32143701042791567,0.5057509626344996,-0.11325413151123787,0.4577429322121169,0.5185881535482147,-0.27987774087935335,0.0392181500712177,0.24283538907259303,0.16553107810000048,-0.2605956784697832,0.8063614566804486,0.04705203494487743,0.6810630103211063,0.06574164769452154,0.3169332756915625,0.24563696137916174,0.7491542226461058,0.28290064015150185,0.06386680260646732,0.40266355157809425,0.12036381494582632,-0.11498705375618634,0.7830283072611263,-0.0034009194144836268,0.49848413134432834,0.03207310501574608,0.18379044808764913,0.5529969788943705,0.21981339223954716,0.3627407008655759,-0.4273788356257687,-0.34691783904588563,-0.19100829173715642,0.4194332706813617,0.2835255420301185,0.20060855441461678,0.04175749659377785,-0.21332481532342776,0.25861393445272424,1.0,0.2177167645841997,0.5382090116849644,0.36939446140824583
Thal_LGN_R,0.44896675290299054,0.028799046884651115,-0.09111650430361186,0.2963047482932884,0.1997853351225668,0.3909099869988461,0.08810636357231642,0.22542725497977026,0.3583741213797248,-0.11981705469495618,0.03059493747008904,0.22225699590183282,0.3635771730908515,0.029291308071921148,-0.28004721120788106,0.08683477398607344,0.015386503140526463,0.0828575890477148,-0.21947519286465475,0.2990421012095956,0.4812843142727338,0.11318175394425291,-0.04727023389397485,0.2861044208349248,-0.047272503486458395,0.28083059231856217,0.22650978338480696,0.06307332866686335,0.14649544451041707,0.43360363271731067,0.40854748347067593,0.1454731407505459,-0.02842041545198515,-0.3343218662528983,0.49114573277210444,0.48889472977886766,0.16898646478311247,0.3489085859779258,0.08988582529085493,0.09179974074686952,0.18679087430903757,0.3780708788916913,-0.05060147895456524,0.18707046671393004,0.23204310326199706,0.28248038347671317,-0.13325928570295445,0.06564625281183532,0.10512927542665944,0.49813234655995464,-0.11186018001010034,0.11512433784690747,0.14265243561242893,-0.08243400864914927,0.4085004831662965,-0.35367084236566515,-0.22137528738330878,0.019399031543400204,0.12272584642191876,0.022833434911821156,0.08285651172844039,0.3180244598003546,0.23354112463867877,0.10726641846153029,0.21638355575127324,-0.16314728554045402,0.2980806708522444,0.4783394026852552,0.25422253972784226,-0.2275980147552871,0.2824309438164985,0.3331079891197487,0.0840028665897896,-0.07184016308879487,0.06791548081301038,0.4491461128555073,-0.09048275379516832,0.2038250763315073,0.1622030554169183,0.32308788826627177,0.3283115534564823,0.2486627039231973,0.26980921003418884,0.06865279578298965,-0.049725044962748335,-0.10066919053252775,0.0328890740067991,0.23161174223196293,0.06224801965124855,-0.002367977458290196,0.2784249706735809,0.2177167645841997,1.0,0.043809693425681175,0.2011390035428021
SN_pc_L,0.0350932982485995,-0.421754596189624,0.11370434599260343,-0.25037749915261803,-0.22310474630881583,-0.07875016106100315,0.1488993192315948,-0.3243608985908236,-0.07293477884775376,-0.20140077733369277,-0.14319805648021722,0.30061069054030404,0.010261940172952642,0.1182958382835101,-0.37375179187111635,-0.0029773410045751095,0.22736061292826992,-0.28184939820089217,0.3200445440768844,0.29418974099405826,0.07706674319191001,-0.2721348131671257,-0.16896785621282312,0.32998797563960075,-0.06751680025766088,0.264672068178191,0.20181092571722034,0.028058488876324214,-0.09082029331901087,-0.03388647774063022,-0.021330463690458067,-0.3255597275862764,0.30165391044031714,0.25264186195558813,0.37448902726467204,-0.2385831885161249,0.32096570875423497,-0.47564028151095616,-0.055142829223665056,0.30331299928173394,0.23817418390327708,0.05075709272449183,-0.20494934899623782,0.06154245789624306,-0.06428587402593545,0.5034779582532115,0.07181401967213877,-0.07678479917913454,-0.3269574607969169,0.08876972248893532,-0.1554665719079444,0.41525118671890954,0.24625011164323096,0.2173016324900332,0.03153199303290122,0.20743308825326418,0.27208041412293277,-0.10793581740625408,-0.11255316539663367,0.12176195618359172,0.34300995205333823,-0.10531133418516761,0.4751622760639543,0.06417701309312879,0.44376893909119675,0.17064622573090954,0.31415227067606,-0.009546227162136333,0.48885160461327787,0.3686631522842222,-0.00046450022743504553,0.38224866726689666,-0.04695137926727813,-0.20694661421898333,0.5377115632563982,0.07000010939066498,0.26256615946225254,0.08015059852181801,-0.09433487471878234,0.18950488520762113,-0.03732852309549447,0.27278379935563823,-0.10150098936426817,-0.6396445874834029,-0.10884787561738321,0.1581520518030855,0.08895250620412451,0.04439215414585009,0.16586903292559033,0.054170195006205915,0.28353169610604717,0.5382090116849644,0.043809693425681175,1.0,0.25120310026325965
Thal_PuA_R,-0.22010878341130846,0.061696022329638375,0.22239134983693673,-0.5961829685568745,-0.6117621388099039,0.5942206652913324,0.7327742355038108,-0.5866382416764703,-0.30832842026150453,0.3802473791742673,0.0098505027302912,0.7145642783414198,0.10068681820280699,0.23629460805594493,-0.0684767057849421,0.31449879707526635,-0.020841403848893023,0.09408565956345598,0.5672213099108864,0.14303784543982384,0.18511481436497781,-0.7513922055585924,0.3858960345416901,-0.15481627578003523,0.4105662757922024,0.6431523620761618,0.6199600920661724,0.5957241182454704,-0.0013955867491646757,0.09523448089381781,-0.31667054375023107,-0.5375421716338038,0.6503475271335688,0.4378324604722179,0.6192268049779338,-0.41628291163403514,0.4947503402682078,-0.07956008970630292,-0.026608850150416304,0.6988382703449201,0.12265251184557889,0.24640832763843257,-0.4406047649881834,-0.48107678806959425,-0.25133325360316794,0.27227792476881646,-0.4225013056682591,0.14526230929919398,-0.2743084259507372,-0.09843959168845985,0.04551974942473926,0.275865010432184,0.5580202804421595,0.6597092129951705,-0.2571042980468911,0.1832127150556359,0.548163083672443,0.23234776703886859,-0.5893233427060438,0.5260737814400348,0.6843380839659371,-0.201899056377859,0.6386405777514611,-0.6302640343001839,0.8154477552278276,0.5190995704707556,-0.02802246986702309,-0.257801043941283,0.32868865104254796,0.05250494602640911,-0.050642074397243796,0.15648283433226848,-0.3752059142536338,0.16830052371495166,0.23349748871727002,-0.192066727235425,-0.16128238701094233,0.7504195702412193,0.17971721682721695,0.0016842076104186378,0.04027319510334415,0.8771843302266642,-0.35877652298565343,0.06967051294944322,0.1770199909737633,-0.24037652524410968,0.09787712795842568,0.6322794186545386,0.7295388485703639,0.30345564077780174,0.8091562911706545,0.36939446140824583,0.2011390035428021,0.25120310026325965,1.0
